0.0294905
0.739368
0.108089
0.204083
0.213717
0.068861
0.224549
0.142947
0.0215849
1.00791
0.473924
0.225448
0.183459
0.837826
0.263603
0.317505
0.744744
1.47958
0.595673
0.20663
0.878468
0.214292
0.229962
0.0389227
0.0910655
1.01163
0.117499
1.65007
0.749225
0.00167119
0.0930409
0.912062
0.747315
0.22806
0.107015
0.0793161
0.344761
0.409974
0.253481
0.390409
0.290608
0.0209884
1.31386
0.713557
0.975124
0.213826
0.145421
0.516066
0.181571
1.79458
0.00657327
0.0824397
0.197357
0.240662
0.129091
0.342967
0.154601
0.290008
0.313313
0.034498
0.293085
0.513123
1.2184
0.137906
0.0195013
0.0629666
0.247132
0.3859
0.575067
0.810325
0.058079
0.0818351
0.938775
0.025164
1.29741
0.626533
0.253866
0.104824
0.238033
0.62394
0.0913179
0.248918
1.04772
0.343395
0.775603
0.0644976
0.013111
0.0402531
0.416266
0.338961
0.0779175
0.0206335
0.0880538
0.0363693
0.165676
0.111616
0.104709
0.571286
0.688116
1.08933
0.345891
1.00603
0.0276381
0.2254
1.27013
2.23334
0.0548506
0.200604
0.0994027
0.33216
0.0366307
0.21468
1.14289
1.57329
0.99672
0.594611
0.0448748
1.11519
0.752728
0.531876
0.253765
1.38216
0.597955
0.415285
0.00896381
0.00429067
0.745156
0.115903
0.585678
0.385712
0.0579224
0.120778
0.271219
0.0892554
0.437647
0.21609
0.084008
0.58931
0.587122
0.20523
0.113514
0.726697
0.594465
0.061623
0.652339
0.424253
0.856571
0.860329
0.323996
0.471755
0.338258
1.12942
0.406111
0.120548
0.319346
0.427415
0.126082
0.156092
0.787035
1.34214
0.856934
1.221
0.0854859
0.149116
0.0469709
0.690487
0.478159
0.1406
0.307146
0.19946
0.443274
0.553786
0.0634875
0.182824
0.787881
0.974063
1.13902
0.490919
0.583739
0.244944
0.15117
0.115282
0.17588
0.890228
0.27497
0.760313
0.274608
0.529792
0.0381118
0.134913
0.450329
1.15488
0.0885745
0.712259
0.0947322
0.145746
0.371179
0.801052
0.348839
0.00801688
0.0809017
0.0636493
0.579924
0.157135
0.279464
0.34257
0.0783728
0.206959
0.0809203
0.930311
0.669012
0.266242
0.0362302
0.0312052
0.152529
0.341566
0.939169
0.59328
0.0963687
1.32237
1.52144
0.754176
0.901229
0.0656405
0.402686
0.0143653
0.237279
0.0566018
0.883963
1.156
0.0656402
6.66926
0.0178879
0.851975
0.157134
0.312131
0.202105
0.270034
0.853094
0.332103
0.163802
0.422143
1.26911
0.215744
0.501734
0.108937
0.994987
0.341825
1.18406
0.0291902
0.284654
0.993408
0.917104
0.169357
0.0021969
0.263497
0.189993
0.2409
0.366729
0.0903103
0.175858
0.521931
0.0903099
0.20196
0.328844
0.287999
0.833964
0.886431
1.03671
0.513363
0.202717
0.0931611
0.135502
0.154517
0.371863
1.09166
0.312851
0.257967
0.252204
0.241975
0.309308
0.940143
0.152628
0.19211
0.0832659
0.155657
0.67357
0.320102
0.536468
0.165781
0.516776
1.98872
1.53057
0.857797
0.190914
0.292121
0.162248
0.081188
0.171948
0.091821
0.807396
0.49961
0.207384
0.031571
1.24553
1.07358
1.57165
0.250017
0.179004
0.223287
0.783011
0.745557
0.127844
0.0402668
0.0625142
0.239989
0.212453
1.00957
1.03116
0.0173478
0.0910168
0.377578
0.00982435
0.0683952
0.229486
0.20566
0.427267
0.529592
0.337237
1.07505
0.892468
0.186435
0.375163
0.106011
0.233911
0.304171
0.0473535
0.206052
1.01171
0.249636
0.615728
0.553691
0.10569
1.54503
0.696666
0.185102
0.21021
0.0654253
0.107481
0.132059
0.0853823
0.224597
0.742411
0.0971601
0.339518
0.089918
0.364918
0.0513036
0.882332
0.020806
2.86001
0.557303
0.217543
0.372591
1.04815
0.669441
0.0070829
1.96847
0.0534027
1.07452
0.236919
0.848426
0.416119
0.425749
0.74924
0.205954
1.16325
0.0771394
0.310926
0.0582482
0.236742
0.491335
0.32173
0.0953204
0.838784
0.000470852
0.207692
0.215119
0.051828
0.104298
0.248228
0.0505216
1.0359
0.706009
0.490983
0.711916
0.357304
0.511116
0.679053
0.478472
0.383874
0.0783457
0.298321
0.0696532
0.646467
0.142219
0.318027
0.507876
0.249434
1.61985
0.701793
0.765173
0.448776
0.14474
1.88468
0.27485
0.145378
0.193825
0.77121
0.217167
0.360626
0.111194
0.299527
0.257356
1.89251
0.0556271
0.102269
0.33872
0.696521
1.45605
0.0734175
0.184916
0.0526696
0.446443
0.29156
0.89529
0.959219
1.38184
0.333155
0.152699
1.15605
0.152589
0.0365173
0.351579
0.365932
0.0267946
1.54005
0.76489
0.234671
0.684796
0.0862012
1.20373
1.68371
0.476634
0.196195
1.44668
0.646462
0.360499
0.294368
0.340764
0.31503
0.441056
0.852013
0.423021
0.113671
0.163624
0.272791
0.0391629
0.128106
1.33435
0.207548
0.0760675
0.114355
0.265264
0.527527
0.659682
0.313064
0.473869
0.379316
0.974889
0.237678
0.597258
0.745623
0.215355
0.203066
0.0656383
0.180767
0.0448498
0.513318
0.714444
0.437507
0.0738562
0.228324
0.270944
0.627624
0.428362
0.614226
0.0878246
0.531124
1.53962
0.0542861
0.0122949
0.0545328
0.184511
0.286936
0.716537
0.0350641
1.29734
0.249839
0.460896
0.779257
0.769223
0.194143
0.432073
0.0858593
0.545561
0.615051
0.312179
0.703748
0.231403
0.14197
0.222188
0.358071
0.484778
0.782784
0.143954
0.125665
0.361015
0.267099
1.11665
0.322538
0.366734
1.26386
0.436607
0.930436
0.229354
0.226222
1.26138
0.181307
0.735073
0.37959
0.0619435
0.421771
1.02664
0.603435
0.665055
0.397698
0.279138
0.126581
0.196477
0.839442
0.321785
0.59101
0.210287
0.0662716
0.347238
0.458106
0.213909
0.0240066
0.0230191
0.147271
0.371012
0.41793
0.10368
0.0726104
0.278256
0.410707
0.349094
0.221376
1.07114
0.173932
1.2098
0.00792873
1.06677
0.779396
0.632209
0.494681
0.221214
0.0936033
1.00789
0.588901
0.00329454
0.220607
0.259884
0.21542
0.330737
1.32643
1.90699
0.945057
2.0854
0.0139942
0.0655409
0.358178
0.452312
0.186627
0.528056
0.0273051
1.10671
0.100147
0.265611
0.758522
0.325942
0.204185
0.798853
0.234764
0.0796854
0.378208
0.0171346
0.355167
0.617407
1.17329
0.127765
0.629567
0.160201
0.508044
0.0487513
0.735022
0.429504
0.0392303
0.498482
0.415018
0.0544456
0.715694
0.0556801
0.608295
0.0511081
0.721956
0.714504
0.00185878
1.67139
0.108942
0.767734
0.298518
0.383638
0.452969
0.9194
0.585027
0.0840529
1.05239
0.126291
1.04394
0.778945
0.300782
0.462966
0.0453696
0.0631545
0.604599
0.998882
0.603515
0.762023
0.355701
0.16993
1.12692
0.172389
0.251637
0.47017
0.247634
0.100879
0.246765
0.250764
0.0835988
0.447052
0.112221
0.4693
0.0842202
0.826433
0.312969
0.969306
2.01601
0.221546
0.0514144
0.985805
0.092889
0.402586
0.325897
0.148624
0.56519
0.115073
0.0747945
0.253897
0.00614639
0.530184
0.595063
1.19693
1.76205
0.062969
0.37651
0.228237
0.180004
1.43491
0.743563
0.30755
0.390703
6.11563e-05
0.0515197
0.609388
0.82678
0.417952
0.426052
0.789119
1.49048
0.563298
0.547309
0.0682363
0.146124
0.0937784
0.244523
1.52198
0.238062
0.377031
0.221794
0.248238
0.117406
0.0426839
0.187354
0.102579
0.112008
0.977913
0.406986
0.35387
0.823502
0.216066
7.70069e-05
0.229467
0.216163
0.0516055
0.0524323
0.0995786
0.553071
0.566287
2.96328
0.490819
0.23472
0.544337
0.714036
0.504567
0.936002
0.0935455
0.451427
0.139127
0.615291
1.99449
0.513168
1.37104
0.0348475
1.99598
0.0705015
0.156541
0.924842
0.593076
0.777341
0.541411
0.0381257
0.777735
0.0302694
0.277657
1.13314
0.0863533
0.474124
0.429684
0.940982
0.471575
0.129201
0.137335
0.176497
0.00689824
1.11563
0.0885216
0.101954
0.345977
0.261859
1.19123
0.331268
0.041054
0.942632
0.403913
0.0332684
3.60086
0.90975
1.22769
0.592216
0.508888
0.440267
0.740033
0.294515
0.520606
0.12473
0.218997
0.845844
0.939513
1.57028
0.560971
0.320169
0.10665
1.3613
0.764512
0.115296
0.892725
1.6518
0.249461
0.214777
0.236818
0.187742
0.95105
0.306331
0.0989848
0.272807
0.371768
0.0986801
0.161817
0.298749
1.09096
1.37798
0.0342
0.553807
0.247932
0.630929
1.19032
0.709297
0.396293
0.718521
0.636994
0.141478
0.148781
1.32568
0.106076
0.0333027
0.0792109
0.0225719
0.0176525
0.392047
0.250709
0.266201
1.03759
0.152223
1.10937
0.0368803
0.589003
0.280027
0.144473
2.9179
1.14983
0.083325
1.35958
1.86056
0.897019
0.203906
0.596222
0.691365
0.0624127
0.155771
0.374679
0.937568
0.36569
0.798538
0.763062
0.633704
1.01203
1.44437
0.725413
1.18514
0.342475
0.101137
0.201647
0.24301
0.297815
0.135657
0.306132
0.0914198
0.561547
0.634037
0.0901626
0.440023
1.07982
0.0581463
0.416502
0.649631
0.296312
0.167863
0.339971
0.420072
0.408675
0.0269386
0.281661
0.0566273
0.964457
0.133884
0.896605
0.657581
0.104434
0.473287
0.52169
0.589111
0.819806
0.00520267
0.0552151
0.160534
0.142587
0.417314
0.294177
1.43861
0.183381
0.477787
0.38486
0.115915
0.656909
0.0703483
1.53855
0.113193
0.271381
0.303014
0.760892
0.0050269
0.355267
0.133304
0.0622928
0.238373
0.31995
1.67726
0.0731934
0.551887
0.436731
0.786135
0.240065
0.260674
0.813895
0.335294
0.585758
0.0385413
0.0444702
0.0879199
0.0140137
0.250268
0.771044
0.416901
0.466854
0.380495
0.607333
0.419162
0.683174
0.0802548
0.0274855
0.390379
0.0862103
0.415203
0.775166
0.161898
1.7697
0.165045
0.142539
0.0598751
1.84184
0.932936
1.24162
0.223865
0.156815
0.651195
1.01174
2.11878
0.824594
1.66482
0.0812739
0.909806
0.226457
1.51925
0.272167
0.0015734
0.338802
0.0807805
0.422965
0.150443
0.177477
0.492759
0.844821
0.308407
0.122334
0.478651
0.689498
0.10759
1.24584
0.0113892
0.18392
1.12605
1.02031
0.134876
0.157154
0.0848646
2.29446
0.0839443
0.0782608
0.803337
0.06703
0.175634
0.523532
0.339464
0.148107
0.0513822
0.342679
0.71326
0.142301
0.0510621
0.0230632
0.401276
0.653298
1.0004
0.0225109
1.71886
0.34131
0.793641
0.0917041
0.274905
0.857295
0.325858
0.201203
0.601792
0.645543
0.467957
1.01223
0.630846
0.737135
0.0155868
0.379254
1.19463
0.198341
0.115879
0.266337
0.445905
0.182449
1.35147
0.23099
0.409257
0.0210008
0.26904
0.0751795
0.742091
0.176198
0.101649
0.684491
0.819065
0.00159242
1.3213
0.14308
0.867014
0.270349
0.441283
0.386102
0.0918417
0.124363
0.272844
1.14425
0.00824633
0.300847
0.2922
1.30748
0.788362
0.534637
0.215647
0.25692
2.35583
0.173708
0.769578
0.401334
0.204255
0.126294
0.598654
0.0708931
0.372098
1.13494
1.10023
0.214889
1.15249
0.867979
0.46416
0.658603
0.150914
0.122514
0.17305
0.282111
0.290514
0.64302
0.20997
0.305805
0.111769
0.803984
0.250977
0.00875551
0.320445
0.707885
0.272037
0.313861
0.0394494
0.128514
0.0255222
0.26626
0.301864
0.695166
0.39817
0.00561725
0.535922
0.300005
0.223739
0.420625
0.17383
2.8752
0.19483
0.410207
0.121047
0.48713
0.0117947
0.544309
0.228654
0.228429
0.0802079
0.425183
0.104008
0.396027
0.446856
0.551603
0.1968
0.021399
0.087977
0.257778
0.156742
0.118849
0.891885
0.660063
2.13068
0.253648
0.682937
0.519486
1.01113
0.0699371
0.137424
0.098118
0.0686227
0.420479
0.686878
0.211527
0.122569
0.738911
0.0193505
0.446267
0.088239
0.103195
0.105538
0.21652
0.678607
0.784686
0.0251067
0.049132
0.908106
0.118344
0.345618
0.0673831
0.276889
0.214301
1.01728
0.26728
0.711056
0.491279
0.046807
0.507767
0.721417
0.200977
0.878435
1.17047
1.27152
0.443018
0.151862
0.0817226
0.238273
0.178689
0.691554
0.394029
0.337477
1.59298
1.25421
0.148057
0.704598
1.85243
0.216448
0.465492
0.106023
1.01492
0.671143
0.487198
0.133017
0.483361
0.0345843
0.00916663
0.157234
0.0851108
0.534896
0.0301741
0.337722
0.346265
1.77194
0.275026
0.0621186
0.136263
0.432098
0.345551
0.392821
0.214299
0.0391033
0.0342756
0.188675
0.00336148
0.195473
0.0498665
2.05325
0.576404
0.611621
0.0981118
0.416804
0.310383
0.834694
0.835382
0.0589903
1.08135
0.890976
0.24145
0.0296898
0.350331
0.292653
0.400138
0.0182236
0.271803
0.00341507
0.0829378
0.548231
0.440605
0.536436
0.134144
1.60971
0.669129
0.180126
0.165178
0.682983
0.502135
0.237357
0.656914
0.207753
0.0585589
1.29792
1.31514
0.429953
0.682001
0.687167
0.59131
0.510914
0.44818
0.054877
0.603522
0.0666764
0.399654
0.160983
0.0877002
0.00138037
0.165779
0.189321
0.55261
1.08505
0.00185629
1.28128
0.948437
0.676742
0.135164
0.0811269
0.349782
1.09053
0.379367
0.148934
0.138459
0.520611
0.10809
0.0998321
0.143058
1.5868
1.45523
1.67967
0.46362
0.393935
0.0394288
0.198381
0.562982
0.496447
0.470332
0.941791
0.500372
1.21213
0.100151
0.195705
0.814293
0.102443
0.149318
0.546587
1.44726
0.345836
0.870639
0.304488
0.255328
0.234204
0.64326
0.524104
0.0261219
1.373
0.924369
0.178683
1.13793
0.789295
0.158743
0.36016
0.221641
0.21472
0.976443
0.0322894
0.00497573
0.329024
1.24752
0.514743
0.259775
0.0591736
2.89912
0.130434
0.176985
0.147842
1.21648
0.145025
0.727944
0.68276
0.632303
0.105192
0.0774407
0.30768
0.955473
0.108328
0.259376
0.609597
0.345893
0.189508
0.360949
0.765993
0.932631
1.11363
0.0846057
0.623963
1.65569
0.090555
0.123945
1.07908
0.854864
0.499414
0.00629558
0.848401
1.04777
0.186142
0.049397
0.794624
0.420059
1.0165
0.405344
0.184382
0.0396638
0.611644
0.759252
1.38515
1.24416
0.116459
0.524291
0.278669
0.375263
0.105581
0.132466
0.246599
0.0514423
0.247732
0.0687689
0.0353246
0.411735
0.215232
1.63575
0.253443
0.0063612
1.88505
0.133414
1.10854
0.17289
0.199947
0.596098
1.05351
0.121127
0.161163
0.113217
0.172925
0.00493881
0.00410368
0.136974
1.31637
0.121706
1.18772
0.227631
0.701516
0.0588739
0.464316
0.0916113
0.11752
0.0137452
0.176339
0.16322
0.44504
0.532457
0.142079
0.00959966
0.552191
0.129983
0.14616
0.423285
0.373247
0.444957
0.171824
0.270945
0.848788
0.424598
0.493838
0.0697695
0.436735
0.505506
0.232469
0.367016
1.00815
0.172368
1.18703
0.500495
0.259391
0.369932
0.831173
0.484775
0.400346
0.0690141
1.25879
0.0920988
0.785928
0.0984983
0.103772
0.32479
0.264126
0.293522
0.0414252
1.65536
0.0331749
0.232437
0.245619
1.09207
1.7809
0.0236649
0.0171427
0.409238
0.577413
0.260726
0.0575891
0.415582
0.615307
0.0151086
0.126078
0.0747728
0.403422
0.0284772
0.729769
0.0718114
0.10209
0.59424
0.180743
0.000477347
1.09528
0.341296
0.325735
0.187506
1.69862
0.411673
0.166161
0.0189723
1.59588
0.569431
1.3251
1.34939
0.652621
1.72867
0.347322
0.283463
0.239385
0.475648
0.0148852
0.0611048
0.517842
0.145569
0.147094
0.127133
0.184657
0.0243011
0.223275
0.343989
0.684858
0.557911
0.344973
0.517086
0.107321
0.00518649
2.10142
0.0907664
0.424078
0.158049
0.11382
0.385069
1.86246
0.0778009
0.326035
0.616496
0.0631634
0.00648971
0.0913702
0.348847
0.493479
0.109464
0.486183
0.175434
0.301207
1.12343
0.372349
0.743605
1.47943
1.18391
0.172983
0.602619
0.444624
0.816578
0.227865
0.787552
0.846135
0.218642
1.91928
0.259732
0.500762
0.103196
1.75566
0.474232
0.201901
0.302948
0.210001
0.302137
0.315285
0.360752
2.153
0.0660245
0.635218
0.472021
0.274098
0.109438
0.364002
1.86563
2.57501
0.320309
1.08189
0.169923
0.110772
0.333701
0.0609366
0.422073
0.178417
1.4357
1.48766
0.166268
0.221049
0.444305
0.32023
0.202442
0.128964
0.858382
0.808726
0.429072
0.173207
0.170691
0.063618
0.165814
0.268269
0.941806
1.22052
0.965515
0.032998
0.291067
0.898533
0.0307157
1.39851
0.651369
0.214442
0.0799261
0.136453
0.313871
0.645804
0.39272
0.270736
0.570758
0.924026
0.778492
0.173277
0.202156
0.0781354
0.372137
0.095112
1.64414
0.0696839
0.316898
0.149589
0.14415
0.721069
0.573783
0.0623996
0.578042
0.400384
0.100206
0.0831861
0.257019
0.138411
0.054024
0.0844178
0.454299
0.144521
0.25255
0.0488572
0.00196859
1.72426
0.360715
0.577317
0.842681
0.195116
0.00360081
0.0919092
0.31832
0.380039
0.209978
0.289775
0.551512
0.880322
0.615498
1.39998
0.463998
0.264114
0.0345311
0.187544
2.46548
0.1432
0.316756
0.252432
0.341586
0.428155
0.406241
0.0645454
0.919013
2.01646
0.120931
0.932743
1.51822
0.670609
0.392541
0.739463
0.0457558
0.400792
1.58147
0.412103
0.0602325
0.183974
0.0169513
0.777861
0.0847398
0.680375
0.663751
0.733288
0.0980683
0.821455
0.0561019
0.0947785
0.040509
0.432726
0.426825
0.42865
0.100365
0.0863515
0.606613
0.0218649
0.0781528
1.37711
1.11514
0.0555549
0.573268
0.298135
1.08927
0.746767
0.0166328
0.944353
0.220551
0.079153
0.0961457
0.247778
1.50841
0.202102
0.0864836
0.589113
0.0671072
0.206748
0.361182
0.132306
0.362255
0.452276
0.871309
0.0633765
0.110247
0.0142997
0.1634
1.24587
0.0368471
0.277656
0.976914
1.82415
0.382298
0.403474
0.279196
0.285045
0.214763
0.30952
0.17862
0.630092
0.474861
0.325906
0.0714849
0.423398
0.877009
0.173582
0.169013
1.71822
0.510468
0.844906
0.115567
0.100548
0.279151
0.0269541
0.180135
0.500247
0.0420999
0.44283
0.409902
0.0825015
0.0230467
0.283503
0.0703725
0.435359
0.00965045
0.414237
0.0242252
0.230002
0.0289359
0.214292
0.0591384
0.557779
0.929454
0.140933
0.155794
0.57244
0.392737
0.410622
0.531331
0.117903
0.249812
1.04178
0.250991
0.909085
1.36299
0.614127
0.332004
0.0132671
0.190747
0.0392917
0.0983204
0.225572
0.357345
0.186411
1.7859
0.378021
1.12058
0.0125898
1.27295
1.58157
0.234189
0.0233024
0.505309
0.134751
0.172533
1.28702
1.38907
0.955663
0.34046
0.458569
0.0422589
1.19683
0.335899
0.324949
0.701474
0.283772
0.117846
0.1517
0.308128
0.379495
0.206611
0.517902
1.24373
1.00904
2.06457
1.11143
0.265793
1.05913
1.2608
0.211559
0.921965
0.182011
0.248411
0.33938
0.395422
0.590133
0.278371
0.339716
0.408583
1.46059
0.065374
0.515011
0.980604
0.479101
0.08049
0.490803
0.0414204
0.223619
1.17978
0.39065
1.22741
0.1486
0.119968
0.905432
0.0762193
0.112013
0.667306
0.408189
0.0509409
0.54695
1.29694
1.50048
0.000273884
0.198463
0.29952
0.396051
0.0250452
1.14416
0.0369806
0.469911
0.946492
0.108047
0.161857
0.633172
0.864867
0.279239
0.226617
1.20672
0.812413
0.166267
0.311757
0.645995
0.393964
0.578266
0.42819
0.590599
1.16119
0.202824
0.160643
0.00679127
0.0143845
0.118743
1.69174
0.0146668
0.392602
0.274595
0.430443
0.451774
0.203491
0.527567
0.130686
0.112691
0.981695
0.357675
1.39136
0.589637
1.69985
0.187049
0.47445
0.743749
0.460202
0.056119
0.362298
0.0958622
0.801648
0.0640349
1.06439
0.618192
0.30472
0.0941362
0.643553
0.332378
0.243309
0.59357
0.362327
1.55228
0.0777893
0.0650981
0.406753
0.328611
0.760528
0.801908
0.588151
0.528315
0.199695
0.507272
0.227919
0.179721
1.86775
0.00533564
0.052625
0.436047
0.0621263
0.483001
0.725591
1.31334
0.685907
0.535405
0.518733
0.128079
0.917925
0.246995
0.638265
0.13991
0.0593545
0.150512
0.115992
0.148495
0.242274
0.744426
0.692383
0.104054
0.44223
0.307351
0.959065
1.40294
0.0668258
0.13504
0.144561
0.0561006
0.142138
0.217343
0.590943
0.227924
0.00181131
0.323453
0.181523
0.693603
0.0876627
1.87539
0.00133272
0.0109095
0.231661
0.643376
0.154604
0.332369
0.00576712
0.323843
0.700487
0.251905
0.159066
0.366348
0.444851
1.04635
0.00586592
0.30561
0.861944
0.0735818
0.607137
0.049213
0.139737
1.83127
0.29753
1.59926
0.211776
0.300919
0.29185
0.536615
0.12781
0.468785
0.508815
0.129554
0.498562
0.0202824
1.84503
1.24138
0.374045
2.25787
0.259111
0.179754
0.244905
0.579115
0.906871
0.00438979
0.427517
0.947725
0.313985
0.266748
0.00311023
0.10828
0.356579
0.143912
0.0956723
2.28239
0.122012
0.370831
0.293552
0.548949
0.116475
0.566304
0.177112
0.984379
1.29247
1.52812
1.17475
1.16267
1.03342
0.292774
1.11716
0.1736
0.707527
0.174174
0.00436561
0.466773
0.180515
0.438303
0.318877
0.762446
0.0147708
0.324972
0.000819884
0.388371
0.670615
0.0966748
0.379533
1.89926
0.614329
0.00453429
0.521795
1.35368
0.581362
1.78243
0.804022
0.48487
1.30843
0.624114
0.382091
0.821268
0.100118
0.289905
0.0648201
1.57376
0.684227
0.0698257
0.422334
0.0385898
0.637896
0.0377311
0.994706
0.69693
0.402772
1.00137
0.188013
0.188035
0.0302912
0.992247
0.175117
0.735038
1.02996
1.7275
0.620186
0.42461
1.4241
0.373217
0.123718
1.03269
0.152259
0.722191
0.585271
0.296324
0.128521
0.857138
0.264826
3.23183
1.6874
0.00702707
0.0380074
0.588044
0.0453423
1.45487
0.309311
0.515995
0.845987
0.775838
2.10045
1.06165
0.541783
0.166836
0.540803
0.395804
0.149202
0.248772
0.0799193
0.117541
1.42873
0.230179
0.0525048
0.120698
0.0852107
0.795443
0.553386
0.243557
0.495222
0.057505
0.242662
0.457784
0.0654416
0.307718
0.188404
0.117844
0.266723
0.777181
1.01303
0.143153
0.446439
0.966817
0.0785427
0.161658
0.0854514
0.846185
0.910846
0.270403
0.129289
0.00326511
0.502625
0.0991687
0.235485
0.67246
0.252784
0.384474
0.399922
0.0496789
1.47007
0.115122
0.113953
0.207799
0.850488
0.198749
0.842662
0.0825333
0.391433
0.142391
1.57783
0.277213
0.347626
0.404124
0.176703
0.528156
0.935814
0.306181
0.33103
0.593097
1.13376
0.639229
0.604539
0.390422
1.24487
0.05505
0.180788
0.196905
0.518158
1.02629
0.274184
0.457661
0.049576
0.500677
1.68839
1.27488
2.28648
0.768179
0.0451086
0.382614
0.0290607
0.0264291
2.40086
0.410045
0.468334
0.172264
0.135378
0.316804
0.716323
0.657217
0.105116
0.550623
0.318068
1.18586
0.133747
0.254504
0.0126857
0.391782
0.665278
0.556852
0.280286
0.10059
0.174608
0.373694
0.875581
0.155186
0.306853
0.851591
0.0391168
0.396821
0.231491
0.0707499
0.459987
0.226513
0.598356
0.134072
0.545697
1.5676
0.625724
0.293338
0.591569
1.26185
0.0747417
0.105377
0.89227
0.235482
0.451484
0.981693
1.43526
0.216412
0.393316
0.239931
0.38624
0.968444
1.33634
0.240569
0.0758627
0.254974
0.124073
0.122073
1.86261
0.453755
0.21565
0.435586
2.3567
0.0394783
0.887051
0.535194
0.020621
0.408611
0.0690036
0.667162
0.335209
0.156535
1.44773
0.206472
0.528352
0.396064
0.121111
0.462256
1.26576
0.735862
0.00816461
0.316504
0.508022
1.49365
1.01831
0.774025
0.220897
0.0563159
0.0141651
0.20598
0.616335
0.238123
1.4316
0.604174
0.305085
0.75532
0.238366
0.345012
0.221014
0.358231
0.149279
0.996671
0.787999
0.119097
0.123537
0.310624
0.73415
0.287353
0.0503596
0.59926
0.130576
0.0594437
0.107126
1.07658
0.0365725
0.0415827
0.571598
0.280453
0.103385
0.620366
0.757537
1.20913
0.0618081
0.65403
0.486355
0.430169
0.371917
0.0163263
0.0556191
1.16488
0.393565
0.227131
0.743316
0.220989
0.43707
0.0089276
0.904802
0.232739
0.303805
1.43421
0.0515034
0.591892
0.033613
0.172553
0.444991
0.0729739
0.233501
0.174029
0.421297
0.41622
0.0166423
0.230266
0.333718
0.0808035
0.0664172
0.0738767
0.661787
0.531192
0.0929987
0.940001
0.419524
0.641145
0.130961
0.224343
0.0560871
0.875834
0.238725
1.55168
0.123022
0.956812
1.15926
0.190835
0.410149
1.87511
0.478831
0.0971812
0.0622758
0.0104687
0.321319
0.58907
0.441706
0.354568
0.0465739
0.054587
0.544292
0.120371
0.138271
0.269355
1.07601
0.267193
0.165179
0.312532
0.088297
0.363143
0.925947
0.156668
0.223515
0.137761
0.131885
0.439055
0.0593219
0.079787
1.28341
0.564703
0.0689365
0.398167
1.00619
0.14169
0.42268
0.219905
1.6262
0.102027
1.07289
0.0296157
0.170639
0.408657
0.158857
0.383617
0.00386007
0.0940762
1.92919
0.170649
0.514435
0.0784263
0.85722
0.346987
0.269523
0.111851
0.697082
0.533918
0.79491
1.0332
0.839297
0.649018
0.413449
1.57204
0.177192
0.292925
0.118638
1.09213
0.841799
0.0989655
0.0459286
0.613391
0.135692
0.237814
0.170035
0.361169
1.39245
0.175561
0.59091
1.25882
0.447814
0.221069
0.040087
0.27974
1.04609
0.34256
0.504838
0.510233
0.0986206
0.29805
0.373196
0.00741608
0.111836
0.0628272
1.83104
0.34954
0.416555
0.105751
0.258669
0.253137
0.232887
0.340723
0.0699087
0.479607
1.11676
0.273407
0.086645
0.904856
0.65103
0.998821
0.719608
0.208593
0.136123
0.93654
0.763936
0.0704223
0.222313
0.286908
0.754579
0.391046
1.18972
0.196615
0.408074
0.0647304
0.295074
0.38467
0.496028
0.0218809
0.666491
0.0326401
0.290993
0.071882
0.410055
0.42898
0.710019
0.312752
0.0147982
1.34952
0.192086
0.711943
0.812521
0.0561844
0.066574
0.0330714
1.6922
1.26249
0.108984
0.201057
0.229173
3.65708
1.11842
0.169697
0.196283
0.311442
0.265078
0.765622
0.0165795
0.0366167
0.886499
0.737597
0.0719649
0.171087
1.25053
0.60206
1.07597
0.57731
0.105695
1.24114
0.491454
0.360543
0.576457
0.295355
0.489535
0.85068
0.358807
0.452883
0.683319
0.630323
1.51043
0.073971
0.629497
0.945104
0.279224
0.0351659
0.199768
0.973514
0.974697
0.225223
1.37729
0.598489
0.0855153
0.0422034
0.0082941
0.045969
0.772108
1.16207
0.753538
0.000683926
0.869894
0.274618
0.362002
0.370852
1.09856
0.091442
0.222655
0.267441
0.739512
0.0692572
0.0850509
0.653442
0.155924
1.08216
0.447213
0.611116
1.64109
1.44274
0.428571
0.869683
0.189655
0.367692
0.384965
0.323359
0.464271
0.403786
0.418713
0.263666
0.315603
0.227214
0.264856
0.186209
0.810525
1.52156
0.952449
0.603019
0.0683781
0.129536
0.0761915
1.21566
0.222687
0.17768
0.525921
0.503681
0.111269
0.154873
0.224305
0.0924773
0.124035
1.65537
0.00744159
0.388607
0.336842
0.401832
0.0247963
0.0662368
0.0727381
0.480801
0.385601
0.468629
0.00725264
1.9039
1.42538
0.851741
1.34527
0.802398
0.381252
0.0368447
0.0257943
0.571438
2.70661
0.264553
0.00489899
0.52106
0.0391917
0.117466
1.36283
0.288731
0.23939
0.089967
0.262468
0.251756
0.623479
1.27174
1.87662
0.722601
0.0297935
0.0620786
0.256445
0.455378
0.657212
0.268941
0.433169
0.570686
0.146176
0.367743
0.342515
0.804249
0.451434
0.39707
0.343685
0.447273
2.29184
0.353823
0.152669
0.0350094
0.646871
0.116568
0.355033
0.070743
0.234825
1.41962
0.378841
0.0604843
1.00989
0.358769
1.09653
1.34539
0.501918
0.181142
0.387058
0.243192
0.656201
0.0794855
0.0492531
0.00586976
0.560425
0.449804
0.836926
0.172748
0.0926376
0.199039
1.16466
0.0879609
0.956939
0.0989533
0.130398
0.447032
0.247047
0.689766
0.654351
0.752448
0.596657
0.166872
1.16462
0.429719
0.829603
0.799292
0.364749
0.308043
0.0661837
0.0457027
0.995013
1.00054
0.133983
1.74749
1.0508
1.31657
0.419576
0.601884
0.131477
0.684492
0.0290045
0.0799777
1.27403
1.23375
0.199482
0.0891117
0.363539
0.654467
1.30711
0.157011
0.370872
0.500045
0.409137
0.288503
0.133515
0.244325
0.148391
0.720197
1.00054
0.241271
0.975715
0.667697
0.153256
0.0589196
0.620771
0.0859353
0.0261295
0.179556
1.02001
0.166225
0.0379453
1.3532
0.284048
0.00368924
0.959669
0.746587
0.0935637
0.243771
0.368232
0.0577087
0.544875
0.0394801
0.688043
0.142115
0.363561
0.00417643
0.512851
0.770461
0.739449
0.366743
0.105783
0.513006
0.16376
0.306278
0.712164
0.00935306
0.485841
0.841741
0.193255
0.351581
0.0630019
0.251393
0.296748
0.405437
0.257665
0.191044
0.216023
0.431915
0.625498
1.11196
0.590135
0.253412
1.93371
0.306507
0.528939
0.346268
0.314488
0.190757
0.182544
0.150988
0.961159
0.347154
1.27465
0.0819686
2.29946
0.584706
0.0930992
0.475395
0.366017
0.340822
0.0794054
0.514112
1.21075
0.457444
0.126611
0.197306
1.40629
0.434148
1.30529
0.541047
0.331371
0.494383
0.0457643
0.31519
0.0611688
0.684218
0.000405299
0.441013
0.0461682
0.183139
0.992648
1.52733
0.863497
0.783
0.0596149
0.840708
0.343535
0.166628
0.293777
0.0245733
0.781932
0.453284
0.59041
0.619548
0.125289
1.37296
0.0330139
0.0940182
0.372069
0.00118344
0.929933
0.0212153
0.497733
1.42429
0.357213
0.697653
0.592908
0.358072
0.222179
0.777215
0.896536
0.136035
0.687642
0.54966
0.0271116
1.01645
0.343215
0.401098
0.0927365
1.73823
0.460227
1.95089
0.422263
0.190813
0.591323
0.814852
0.15261
0.716941
3.10217
0.807168
0.722297
0.924986
0.936192
0.266828
0.781921
0.233578
0.105024
0.348027
1.18087
0.402751
0.185751
0.687718
0.814638
0.0433558
0.283633
0.988734
1.65
1.56224
0.279428
0.0749779
1.31208
0.0312281
0.0658004
0.353917
0.238221
0.87322
0.200594
0.524813
0.458627
0.19952
0.315293
0.242371
0.105629
0.200923
0.837876
0.00255671
0.626878
0.0124464
0.353353
0.497411
0.432269
0.893508
0.25305
0.255993
1.29347
0.939679
0.163396
1.10905
0.825664
0.631228
0.023569
0.679221
0.76125
0.0929634
0.159244
0.1012
0.00842533
0.470904
0.933819
0.481025
1.67463
0.200415
0.0168312
0.0882948
0.554263
0.945185
0.0913741
0.259117
1.04422
0.570878
0.0334413
0.315974
0.375307
0.31143
1.10039
0.310654
0.19862
0.101094
0.229019
0.085555
1.23745
0.26775
1.22885
0.612081
0.445266
0.111352
1.17334
0.46703
0.862426
0.708605
0.143906
0.782941
0.0596395
0.166821
1.77748
0.779599
0.0819743
0.077766
0.121458
0.0226976
0.900632
0.165072
0.361082
0.238858
0.706072
0.269639
0.985029
0.0576552
0.465314
0.140452
0.155429
0.379446
0.550873
0.107901
0.151626
0.165078
0.252276
0.0989382
1.19057
0.13559
1.5547
0.0937713
0.0267458
0.0394549
0.306187
0.0148433
1.02985
0.476587
0.0952915
0.0555534
0.541063
0.0147448
0.245687
0.112549
0.263459
0.0922122
0.490278
0.168868
0.163147
0.147562
0.384486
0.400307
0.805362
0.130379
0.702588
0.0440797
0.362043
0.0960042
0.153804
0.285032
0.267989
0.129318
0.472354
0.315988
0.181784
0.051989
0.345246
0.107639
0.633932
0.568652
0.178377
0.255167
0.619162
0.598569
0.467478
0.0787723
1.05781
0.148671
0.285574
0.0954458
0.364256
0.00239629
0.660509
0.205391
0.133532
0.351014
0.275053
0.714567
0.579872
0.59738
0.122856
0.0687707
1.45194
0.924645
0.460088
0.149817
1.53251
0.0691429
0.304345
0.566749
0.849978
0.731243
0.0558457
0.39065
0.33023
0.634172
0.593078
0.236717
0.00198499
0.0848538
0.4056
0.368532
0.0877189
0.186128
1.04741
0.253495
0.887913
0.18922
0.10021
0.379337
0.0207756
0.257081
0.548003
2.55129
0.152297
0.171949
0.146753
0.126753
0.274607
0.636841
1.26313
0.150144
0.351636
0.0195337
0.84424
0.0107429
0.712813
0.372218
0.254508
0.721746
0.582249
2.0812
0.183044
0.985704
0.177309
0.111215
0.160804
0.080724
0.365851
0.308067
0.581444
0.411832
1.06662
0.23436
0.406533
0.0871555
0.560448
0.870847
0.244007
0.0663243
0.409542
0.191048
0.243606
0.0496395
0.220527
0.124836
0.0615777
0.0756304
0.706021
0.364955
1.24758
0.310055
0.35217
0.134665
0.206858
0.853869
0.288693
0.485087
2.1693
2.23283
0.0583285
0.564772
0.401545
0.00421649
0.0413954
0.0739623
0.0922234
0.710393
1.94731
0.409732
1.12117
0.391056
1.13363
0.173604
0.512457
0.155229
0.365769
0.721878
0.263545
0.17606
0.18066
0.206768
0.737782
0.8679
0.43461
0.0717982
0.530763
0.0260141
0.718617
0.515747
0.0214113
1.06951
0.209559
0.452869
1.11093
0.275484
0.674674
0.0392193
0.114853
0.642866
0.508264
0.0605286
0.170437
0.394844
0.263406
1.5324
0.877957
1.5446
0.642134
0.147783
0.149899
0.027485
0.459542
0.0282845
1.07087
0.116843
0.104849
0.397955
0.150351
1.78644
0.123148
0.179964
0.974079
0.417524
1.25537
0.707534
0.0111574
0.55143
0.912181
0.129099
0.264887
0.338551
0.210165
0.61914
0.0357961
0.724699
0.553863
1.16932
0.64639
0.265886
0.0950767
0.00610157
0.315014
0.766454
0.034762
0.226421
0.00845964
0.148577
1.37984
0.16199
0.133541
0.0902944
0.440004
0.0583031
0.672907
0.361004
1.04644
0.720519
0.116691
0.644523
0.00828017
0.491804
0.137304
0.223102
0.221159
0.185689
0.0806302
0.0289565
0.128867
1.0891
0.317709
0.257825
1.15288
1.68248
0.117162
1.90183
0.204552
0.128008
0.136737
0.165816
0.353569
0.324525
0.299437
0.0647581
0.44763
0.12039
0.511759
0.328457
0.00150842
0.993778
0.130664
0.00981509
0.34943
0.32107
0.23888
1.05731
0.79934
0.380488
1.43061
0.0246568
0.283537
0.273794
0.30102
0.212402
0.249694
0.552598
0.198887
0.674192
1.21707
0.42575
0.0250886
0.28162
0.0423826
0.347628
0.405894
0.56473
0.644203
0.12582
0.102017
0.650064
0.0544932
0.270029
0.689715
0.470952
1.2226
0.0827551
0.348994
0.635345
0.589063
0.302239
0.736632
0.0821355
1.13196
0.14059
0.347799
0.180332
1.35836
0.935188
0.035848
0.952425
0.285293
0.0629551
0.177475
0.36551
0.489073
1.02878
0.124707
0.230278
0.0592114
0.262063
0.0652678
0.121411
0.923001
1.06487
0.913354
0.719547
0.0257615
0.221976
0.345517
0.684401
0.880134
0.17193
1.20779
0.659521
0.389543
0.275356
0.0319646
0.331031
0.169036
0.0704047
0.216766
0.659212
0.144207
0.537866
0.159997
1.11205
0.39261
0.345333
0.160848
0.540303
1.33196
0.255089
1.11351
0.754793
0.17523
0.672923
0.406774
0.212915
0.065882
0.0450913
0.0624726
1.69758
0.238044
0.0213265
0.608519
1.44706
0.314073
0.734844
0.28739
0.724765
1.22551
0.81341
0.360791
0.0974223
0.32591
0.807689
0.0439867
0.0280228
0.192401
0.223722
0.633492
0.150775
0.742294
0.485347
0.03275
0.0488438
0.239888
0.487627
0.291679
0.354452
0.625609
0.414198
0.326897
0.0633699
0.466768
0.117116
0.0380064
0.054256
0.00206674
0.35936
1.04855
1.25335
0.204132
0.259929
0.0571453
0.885453
0.128972
0.107044
1.10314
0.401498
0.408808
0.482552
0.875773
0.216865
0.153878
1.13363
0.296344
0.530653
0.378507
1.21067
0.104379
0.156136
0.33226
0.563101
0.246561
0.0647107
1.15478
0.31219
0.127406
1.17868
0.00512103
0.0631309
0.884482
0.212016
0.374785
1.49845
0.108387
0.725528
0.0820777
0.0528029
0.206398
0.631545
0.645071
0.101972
0.0503536
0.00869388
0.0503155
0.394906
0.55766
0.498054
0.315967
1.03745
1.25412
2.0778
0.413433
0.192371
0.0578137
0.322345
0.798938
0.20446
0.249384
0.827019
0.305244
0.13801
0.0963812
0.00867595
0.111412
0.232888
0.76671
0.217707
0.322286
0.0784288
0.0509473
0.126766
0.201208
0.107336
0.138144
0.28028
0.690528
1.35408
0.0467546
0.137261
0.839848
0.0104484
0.129239
0.250354
0.208107
0.206615
1.09985
0.0871554
0.575063
0.175584
2.25165
0.0912231
0.39093
0.091255
0.101751
0.696952
0.392235
2.33132
0.0693548
0.0259073
0.0742487
0.128808
0.160865
0.3197
0.275092
0.368211
1.29347
0.108804
0.31164
0.0132293
0.288761
0.175908
0.0239754
0.561374
0.602347
0.245754
0.021625
0.458813
0.402333
0.651632
1.24524
0.392634
1.20172
0.317681
0.634106
0.0566823
0.140445
0.167906
0.052688
0.236125
0.205205
0.136431
0.470828
0.482246
0.638013
0.0329031
0.0917531
0.530815
0.150533
0.507491
0.572352
0.615996
1.58803
0.657274
0.257832
0.545755
0.0783078
0.295624
0.170232
0.60965
0.111035
0.122855
0.158815
0.0651205
0.596448
0.00940051
0.130707
1.66413
0.181338
0.201325
0.212961
0.523321
0.429118
2.12848
0.172271
0.192131
0.0270964
0.310307
0.00190641
0.18811
0.0686947
0.578723
0.0254575
0.0494933
0.286311
0.302459
0.722831
0.440528
1.28464
0.0404344
0.18755
0.0721683
0.175876
0.447341
0.148847
0.0110956
0.471772
0.338214
2.34103
1.38448
0.913845
0.207535
0.451043
0.282226
0.199179
1.17795
0.719197
0.24098
0.238936
0.727891
0.612119
0.358397
0.31742
0.711436
0.470366
1.3273
0.134258
0.249989
0.371775
0.0935291
0.320489
0.962374
0.182917
0.763189
0.308308
0.421556
0.821033
0.0529899
0.0479938
0.801857
0.0247732
1.41834
0.0873649
0.517748
0.240311
0.339146
0.411502
0.0918624
1.12884
1.72229
1.51641
0.473512
0.331986
0.280494
0.247696
0.0660968
0.230373
0.50163
0.367743
1.23652
0.842625
0.01346
0.749915
0.0765714
0.834133
0.149585
0.634074
0.497468
0.223724
0.848881
0.295674
0.263997
0.723051
0.47367
0.0440961
0.0928916
0.0716029
0.523676
0.207094
0.0225138
0.486722
0.177574
0.537002
0.0730262
0.672505
0.0406381
0.151022
0.0717991
0.628916
0.790342
0.0322293
0.393811
0.865796
0.930825
0.591405
0.519631
0.0652068
0.282191
0.178351
0.3328
0.155718
0.710184
1.2558
0.0293939
0.247321
0.00810717
0.128862
0.374682
0.548452
0.424286
0.425609
0.186517
1.10137
0.147986
0.298973
0.510136
0.204342
0.637877
0.760233
0.0407292
0.377963
0.945987
0.492648
0.231894
0.608275
0.209401
0.0242824
0.900874
0.773379
0.214088
0.206649
0.0406545
0.0701878
0.156762
0.0727584
0.372011
0.168067
0.226698
0.0432742
1.89482
1.64706
0.53927
0.17352
0.969914
1.38012
0.703254
0.356494
0.165645
0.339374
0.186728
0.224401
0.0282078
0.0987103
0.00981028
0.278692
1.13851
0.224717
0.323215
0.67495
0.0939771
0.919063
0.055342
0.143982
2.29345
0.235551
0.245336
0.363663
0.554036
0.724053
0.461916
0.526349
0.660013
0.168954
1.74311
0.460116
0.132926
0.652434
0.0754215
0.367057
0.140558
0.303097
1.16355
0.178849
0.511036
1.29096
0.671996
0.398062
0.176503
0.136292
0.186588
0.319537
0.0521619
0.270948
0.659657
0.0478791
0.827606
0.0787188
0.473085
0.341369
1.29267
0.137398
0.0948628
0.548128
0.379531
0.0801457
0.172021
0.74978
1.10042
0.284399
0.190891
0.0810016
1.20591
0.132821
0.301905
0.411523
0.0927228
0.121796
0.0746749
0.317524
0.306455
0.301716
1.76561
0.411209
1.11209
0.615126
0.533726
0.618844
1.00015
0.172371
0.130106
0.794225
0.384859
0.259147
0.325382
0.0521176
0.407017
0.762239
1.0804
0.307228
0.13567
0.122503
0.475844
0.0878389
0.302532
0.0509063
0.654571
0.496075
0.188625
1.0607
0.0684096
0.770338
0.213652
0.0551105
0.227621
0.146451
0.856566
0.0264189
2.30536
0.592899
0.210788
0.125189
0.35293
1.15742
0.501112
0.00888699
0.00752765
0.121674
0.80801
1.1587
0.574772
0.0318265
0.0713119
0.192674
0.12638
0.447548
0.271159
1.86665
0.141124
0.682011
0.980246
0.235612
0.394059
0.126865
0.329674
1.36289
0.328769
0.193616
2.73834
0.321326
0.0225091
0.208436
0.609439
0.401454
0.147587
0.222131
0.422363
0.15788
0.434278
0.247099
0.10296
0.169293
0.301857
0.193212
0.475974
0.577433
1.36276
0.0325685
0.54668
0.105851
0.836368
0.385664
0.42412
0.235535
0.740847
0.0444897
0.192876
0.161488
0.262096
0.190611
0.717436
0.30183
0.549119
0.330312
0.0189712
1.43483
0.98282
0.469801
0.12635
0.303509
0.015478
0.265583
0.700894
0.331465
0.681585
0.245206
0.108671
0.579459
0.301037
1.03734
1.11174
0.167062
0.277701
0.323233
0.551748
0.124986
0.415329
0.00920599
0.347981
0.00250527
0.204414
0.167672
0.306563
0.0161642
0.759431
0.343353
1.97627
0.528074
0.0723224
0.116663
0.0726048
0.0903878
0.492863
1.15692
0.534253
0.247865
0.17973
1.00331
0.055294
0.727435
0.689953
0.0061277
0.0391075
0.110472
0.33539
0.689484
0.274319
0.0436138
0.729944
1.49126
0.0463601
0.0680169
0.138997
0.399092
0.0867123
0.0245276
0.0403376
0.0777918
0.606686
0.119615
0.218512
0.942117
0.239309
0.00612696
0.707437
0.0342316
0.258222
0.0438737
1.40562
0.357715
0.975082
0.594294
0.370798
1.42472
1.20257
0.0226945
0.597327
0.210936
0.0685429
0.328964
0.179622
0.122502
0.475957
0.398995
0.753001
0.762649
0.457733
0.99217
1.41838
0.196339
0.0489246
0.181652
0.10602
0.323125
0.190651
1.72413
0.393131
0.657286
0.0300998
0.339469
0.154251
1.28165
0.119965
0.810482
1.01776
0.0733023
0.950833
0.432507
0.330587
3.03244
0.0478564
0.802927
0.121446
0.619197
0.229287
0.00933147
0.355472
3.90704
1.07287
0.306935
0.196142
2.33366
0.748296
0.366893
0.316191
0.0620523
0.34012
0.0230386
0.974008
0.403772
0.387709
0.0759196
0.333812
0.720363
1.59713
0.232221
1.21706
0.841774
1.9324
0.261793
0.837013
0.0388423
0.129235
0.0257686
0.78062
0.460539
0.0356244
0.192025
0.460197
1.62441
0.78328
1.50017
1.52757
0.435397
0.324738
0.280178
0.608549
0.002297
0.322512
0.426977
0.409152
0.0239251
0.640436
0.0399234
0.840164
0.580506
0.299065
0.662188
0.363372
0.283887
0.0910215
0.213513
0.356917
0.252604
0.254503
0.19305
0.0152405
0.317006
0.520988
0.50135
0.28737
0.304229
0.446213
0.253399
0.0352406
0.0515423
0.927559
0.749388
0.0541026
0.204713
0.231332
0.548436
0.242002
0.063168
0.688243
0.122685
0.840228
0.124885
1.8218
0.214378
0.542242
0.0786161
0.612736
0.11055
0.395135
0.0706281
0.370263
0.43083
0.465714
0.109617
0.134716
0.0381711
0.539234
0.918301
0.320344
0.658375
1.5007
0.203019
0.37164
0.0318054
0.567843
1.24367
0.657321
0.0475094
0.0248374
0.342461
0.185108
1.00785
0.647976
0.170035
0.131965
0.26211
0.286823
1.60842
0.474066
0.00783568
0.0521426
0.0892714
0.450434
0.619373
0.225007
0.929764
0.777687
0.0265889
0.593928
0.166029
0.774511
0.527814
0.488454
0.201614
0.631543
0.196426
0.151016
0.314187
0.270153
0.185465
2.61573
0.669834
0.107531
0.640395
0.0270977
0.279668
0.0845668
0.337539
0.251293
0.750454
0.353595
0.343364
1.58477
0.0694871
0.131575
0.198372
2.42501
0.0224774
0.239306
0.583854
0.198206
0.1053
0.22494
1.91166
0.37348
0.056031
0.183615
0.804377
0.429296
0.665714
0.07067
0.424493
0.337699
0.197903
0.190241
0.394488
0.730257
0.322571
0.0350924
0.102865
0.159918
0.430584
0.586263
0.136604
0.625119
1.42147
0.424679
0.614371
2.58069
2.00314
0.268798
0.195019
0.0965323
0.785397
0.182245
0.618328
1.1958
0.483788
0.372253
0.342494
0.236045
0.543045
0.0516605
1.09079
0.00979581
0.269482
0.295245
0.777456
1.22855
0.362693
3.23056
0.111932
0.0653597
0.584421
0.292422
0.933441
0.508672
0.0239031
0.417597
0.502573
0.016502
0.00733894
2.1058
0.116823
0.824885
0.173934
1.37777
0.645037
1.37196
0.317843
0.140062
0.194113
0.0871831
0.210758
0.126678
0.0989716
0.742686
0.566454
2.31454
0.596095
0.123687
2.24961
1.22394
0.210292
0.570211
0.229444
0.115986
0.208378
0.268769
0.766702
0.0030381
0.298179
0.804608
2.46495
0.546953
0.484569
0.170074
0.470282
0.228005
0.133363
0.0579183
0.480325
0.412013
0.157639
2.35811
0.797446
0.301863
0.726936
0.338008
0.29496
0.326966
0.63603
0.28717
0.259571
0.0470171
0.0778936
0.772546
0.176831
0.335155
0.12686
0.055664
0.341316
0.572116
1.23819
0.33584
0.229298
0.395596
0.781782
0.00463574
1.37907
0.0247369
0.0631569
0.413163
0.473023
0.248065
0.405214
0.278054
0.992209
0.209336
1.43185
0.195895
0.9112
0.553989
0.743459
0.151597
0.724465
1.34795
0.037238
0.0458435
0.281524
0.176071
0.107512
1.50966
0.00398487
0.0651372
0.296989
0.235765
0.560979
0.150115
0.243394
0.482393
0.184356
0.353886
0.116451
1.43301
1.26923
0.74301
0.237698
0.780782
0.0749545
0.200409
0.0736045
2.97913
0.0150392
1.28963
0.150343
0.797583
0.987827
0.202182
1.1182
0.184147
0.506836
0.0536571
0.155584
0.518481
0.127194
0.646527
0.0263726
1.24328
0.00629765
0.288211
0.394651
0.19366
1.82732
0.72178
0.15963
1.14074
0.402207
0.539303
0.597458
0.599298
0.0102538
0.929636
0.596092
0.0256257
0.746325
1.99184
0.953806
0.521858
0.191203
0.698872
2.04907
2.02435
0.994392
0.146736
0.49874
0.0557606
0.00379708
0.578125
0.0179694
0.0101455
0.0813673
0.43686
0.20898
0.0693461
0.228251
0.486566
0.021625
1.43699
0.182135
0.678043
0.523643
0.197242
0.457343
0.228421
0.236574
0.250171
0.216828
0.141199
0.0368254
0.567748
0.012607
0.0299163
0.545904
1.10716
0.187928
0.191668
0.00609669
0.193574
0.0166534
0.0243022
0.20889
0.101189
0.500187
0.590012
0.188546
0.0149955
0.205415
0.221042
1.9153
0.525369
0.0666322
0.49869
0.0035151
0.656057
0.0145631
0.242365
0.0810477
0.239997
0.507432
0.12503
0.0461438
0.544988
0.164309
0.709415
0.417457
0.458127
0.0533205
0.43224
1.44522
0.0719862
0.494914
0.174652
0.19194
0.167473
0.00834099
0.511894
0.188933
0.218317
0.0145284
0.176414
0.0174412
0.0833814
1.51743
0.0210879
1.13864
2.13929
0.27798
0.0319934
0.231255
0.0489473
0.167065
0.308698
0.719483
0.421925
0.138024
0.214845
0.109612
0.210703
1.5289
0.0816317
0.328032
0.443496
0.297467
0.842648
1.10843
0.313165
0.319043
0.12445
0.902369
0.347861
0.369335
1.03258
0.541048
0.328417
1.25929
0.421604
0.317911
0.220896
0.503215
0.978035
0.301286
1.41079
0.204265
0.13581
0.365688
0.436848
0.449923
0.644492
1.50947
0.40292
1.09261
0.289774
0.0927057
0.215319
0.160041
0.0393865
0.889886
0.707623
0.176261
0.566017
0.164475
0.900041
0.414236
1.68634
0.20309
0.339657
0.389282
0.855908
1.01414
0.112779
0.582997
0.205114
0.0825711
0.0268606
0.434083
0.565813
0.507156
0.111867
0.273459
0.452398
0.721651
0.195035
0.0341071
1.50056
0.573037
0.208486
0.0177463
0.37551
0.0653775
0.202176
0.131229
0.259678
0.103227
0.821556
0.236451
0.371947
0.192013
1.42496
0.224852
0.114041
0.0834303
0.0409487
0.394135
0.183587
0.0702972
0.08362
0.00726702
0.748929
0.22033
0.286442
0.247875
0.0777872
0.738861
0.306763
0.0543736
0.318697
0.84233
0.0743119
0.0161867
1.50689
0.321048
0.152669
0.226187
0.550581
0.048147
0.698773
0.122866
0.266012
0.605011
0.440854
0.487789
1.00977
0.551877
0.108593
0.106224
0.825723
0.216222
0.115325
0.45571
0.633066
0.523786
0.0104725
1.03442
0.289213
0.32691
2.43536
1.36515
0.187975
0.0709782
1.7869
0.159025
0.472058
0.137519
0.51656
0.179633
0.202939
0.268933
0.371497
0.710315
0.077849
0.0748439
0.2561
0.014921
0.848363
0.460611
0.124948
0.506839
1.99499
0.281127
0.150518
0.606548
0.057094
0.164943
0.443892
0.399895
0.741871
0.436677
0.340969
0.058486
0.639216
0.318641
0.242846
0.21827
0.639062
0.0302315
0.545461
0.0426555
0.323465
0.120508
0.938574
0.491601
0.219283
0.154225
0.534741
0.106648
1.08029
1.12327
0.921855
1.01519
0.206125
0.0645178
0.438248
0.297263
0.258956
0.110992
0.0157492
0.111583
0.786345
0.373774
0.186791
0.377051
0.01534
0.612962
1.17195
0.700646
0.733015
0.432279
0.923054
0.155434
0.817016
0.600681
1.21679
0.099871
2.39143
0.432784
0.235262
1.05087
0.332442
0.134177
0.702629
0.91572
0.221731
0.222251
0.182371
0.747106
0.414073
0.205651
0.000297836
0.23465
1.0712
0.187232
1.30928
1.24148
0.0239546
0.905612
0.568014
0.856667
0.282337
0.383114
0.057115
0.148202
0.149509
0.0171405
0.290474
0.145231
0.476508
0.892393
0.0789713
0.0689773
0.0459836
1.22815
2.13407
0.297241
0.167882
0.174533
0.140845
1.00166
0.510316
0.141245
0.147932
0.382483
0.415103
0.108092
0.309898
0.474519
0.0263198
0.0916073
0.298175
0.331075
0.619468
0.411275
0.696758
2.79344
0.452981
0.121469
0.143404
0.134529
0.0354008
0.25356
0.228375
0.0851248
0.195712
0.219749
0.470898
0.478782
0.537411
1.02601
0.341722
0.1936
0.0722205
0.719113
1.03481
0.610427
1.9182
0.215908
0.207571
0.0174422
0.369304
0.813091
0.3667
0.148074
0.240931
0.173618
0.146236
0.00517871
0.360217
0.353946
0.14141
0.439098
1.31878
0.483717
0.691664
0.152683
0.00360152
0.23853
1.1384
0.548633
0.15516
0.259817
0.0086981
0.258408
0.106042
1.11728
0.0725339
0.095564
0.149091
0.324959
0.116971
0.786734
0.178969
0.669401
0.0374407
0.590047
0.0296359
0.197888
0.60817
0.425747
0.951749
1.81963
0.102305
0.770674
0.455753
1.52506
0.0376908
0.465189
0.207608
1.98512
0.175016
0.475315
0.24727
0.187629
0.0245467
0.441932
0.12442
0.101243
0.735313
0.328884
0.551804
0.00205381
0.17471
3.54695
0.677834
0.229736
0.58909
0.815137
0.610894
0.268465
0.251632
0.421383
0.250481
0.440874
0.234625
0.0120709
0.394358
0.29797
0.497951
1.18241
0.284391
1.48863
0.378084
0.918565
0.157604
0.434188
0.292879
0.341353
0.742548
0.13439
0.00500784
0.307618
0.137116
0.181954
0.30709
0.00445618
0.573803
0.0974429
0.84036
0.261917
0.455761
0.130208
0.00493584
0.0120742
0.881792
0.242731
0.0244592
0.248184
0.951726
0.571136
0.185541
0.179563
0.506399
0.973929
0.0880659
1.31276
0.301291
0.471179
0.28314
0.142469
0.98687
0.292254
0.631385
0.0632141
0.712965
0.112078
0.0683063
0.308249
0.239116
1.56228
1.09466
0.00515312
0.107237
1.14628
0.0173604
0.021767
0.176198
0.0427524
0.285435
0.0908879
0.730829
0.707279
0.318679
0.275442
0.492108
0.509175
0.224365
0.0571349
0.159728
0.827108
0.22126
0.0825088
0.158162
0.0534
0.158687
0.0288893
0.180715
0.256965
0.365056
0.590395
0.227203
0.271903
0.608441
0.414318
0.201464
0.673919
0.468026
0.505728
0.881665
0.0379617
0.838225
0.470229
0.903984
0.180784
0.0328746
0.324768
1.7136
0.278178
0.445302
0.141845
0.147502
1.84211
0.256687
0.379171
0.0423993
0.573475
0.445768
0.244035
0.0593232
0.0736338
0.0563246
0.326811
0.41118
0.851937
0.0384875
1.22264
0.424587
0.578752
0.410295
0.270199
0.721072
0.247655
0.029717
0.473729
0.608598
0.0647883
0.0633774
0.563982
0.401492
0.627179
1.44266
0.860936
0.591424
0.218777
0.231491
0.757859
0.0337668
2.35269
0.104695
0.0977553
0.0696762
0.175954
0.545801
0.596787
0.0728219
0.679175
0.48347
0.626714
0.296251
0.115408
0.0857731
0.13271
0.461693
0.121581
0.984305
0.199433
0.206997
2.97289
0.0175722
1.21586
0.623736
2.1019
0.676
0.277236
0.209736
0.0735893
0.129252
0.263273
0.069632
0.271938
0.44874
0.151272
0.648849
0.164732
2.05296
1.03327
0.0255491
0.466154
0.457792
0.345005
0.871198
0.726372
0.676935
0.293649
0.00372553
0.476169
0.772215
0.212763
0.47366
0.868677
0.158091
0.21274
0.834222
0.0197843
0.770292
0.0961294
0.0967616
0.0191111
0.445349
0.183595
0.306308
0.116971
0.426993
0.117351
0.339923
0.411583
0.0524134
0.393633
0.108017
0.609341
0.0386282
0.0206592
0.3342
0.862587
0.332662
0.341746
0.301142
0.173356
0.98056
0.0495606
0.0739284
0.0801698
0.292667
1.67535
0.103673
0.14388
0.0791573
0.227274
0.16992
0.680879
0.57245
0.709312
1.82733
0.164119
2.35911
0.319418
0.97225
0.048678
0.0250111
0.0361697
0.814007
0.0658142
0.058498
0.185998
1.60551
0.458646
0.859326
0.271322
1.22375
0.586025
0.362781
0.0331536
0.946023
2.31963
0.0182513
0.0286996
0.138968
0.100785
0.274421
0.383658
1.44012
0.0704204
0.189103
1.26533
0.266841
0.184132
0.258201
0.169298
0.257642
0.302065
0.221787
0.12874
0.434899
0.318719
0.3912
0.395796
0.0534912
0.239845
3.20643
0.0143609
0.0520761
0.361568
0.0485669
1.61636
0.353833
0.0688202
0.0120203
0.715516
0.187386
0.296025
0.191175
0.154267
0.436819
0.511493
0.11019
0.0142152
1.84183
0.467216
0.189714
0.240843
0.0474465
0.574821
0.478434
0.563318
0.0996865
0.102752
0.142158
0.166546
0.424317
0.141394
0.187051
0.562917
0.740689
0.260877
0.513455
0.178941
0.387029
0.549691
0.0452706
1.01638
0.0760928
0.260505
0.0821222
0.656521
0.0395806
0.216239
0.71564
0.028885
2.19792
0.0534149
0.289745
0.0422688
0.783494
0.0447344
0.717929
2.62154
0.158918
0.0177868
0.163808
0.984655
0.165488
0.455657
0.398478
0.0409861
0.0183064
0.122434
0.239861
0.429335
1.15441
0.317294
0.307532
0.0290279
1.13491
0.478852
0.783933
2.08721
3.36876
0.418493
0.0226089
2.15884
0.559002
0.332154
0.0367111
0.32807
0.426722
0.912257
0.32423
0.992502
1.04862
0.731736
0.658492
0.0962435
0.243892
0.180884
0.146914
0.274849
0.37264
0.515376
0.0157847
0.288348
0.0760385
0.338109
0.34296
0.0271093
0.0732299
0.184058
0.0208565
0.07276
1.12249
0.0445031
0.0668371
0.431779
0.426206
0.109334
0.0470367
0.096394
0.0284101
0.422121
0.0288844
1.40192
0.222126
0.785807
0.066503
0.707342
0.0630577
0.239936
0.113525
0.52332
0.0279424
0.13365
0.0614155
0.10899
0.666062
0.479092
0.143328
1.07611
1.47606
0.171732
0.0181147
0.937116
0.236935
0.0877422
0.290272
1.95148
0.222616
0.380741
0.0868104
0.268801
0.0709113
0.121687
0.226632
0.3408
0.0162218
0.338753
0.159571
0.0816216
1.12012
0.327076
0.828103
1.55516
0.64434
1.38383
0.0866732
0.325007
0.412714
0.264615
0.235603
0.364221
0.621894
0.265686
0.239187
0.061459
0.431464
0.907454
0.052547
1.65913
0.244638
0.150599
0.243779
0.369882
0.326874
0.719626
0.0250486
0.359661
0.162014
0.194969
0.554103
0.10225
0.851759
0.341591
0.0802401
0.406774
0.291012
0.184688
0.0340676
0.0179159
0.655981
0.292831
0.403584
0.308562
1.03803
1.61562
0.433932
0.313996
0.81042
0.57724
0.286554
0.117952
1.73044
0.912433
0.678604
0.302521
0.476267
0.792709
0.00016473
1.20615
0.0755589
0.55463
0.057535
1.8522
0.106225
0.149134
0.384423
0.509818
0.424994
0.464499
0.56409
0.196547
0.0409007
0.147036
0.803705
1.65801
0.125723
0.253723
0.286491
0.0242751
0.0584501
1.11709
0.149279
0.0444385
0.673782
0.0138243
0.390207
0.234786
0.870769
0.390581
0.176567
2.03576
0.135506
0.262377
1.60512
0.28261
0.561568
0.349083
0.0527198
0.158331
0.0732328
0.763861
0.462059
0.121287
0.0317934
0.272808
0.102761
0.167556
0.900737
0.494753
0.202451
1.59195
0.38069
0.455064
0.0263196
0.174963
0.491882
0.452174
0.568148
0.314526
0.0903124
0.00312239
0.301873
0.259733
0.267807
0.271985
0.964308
0.0623153
1.4736
1.71672
0.247659
0.0487201
0.703476
0.0128231
0.185126
0.861866
0.295791
0.345761
0.0679377
0.177969
0.0843834
0.31074
0.15413
0.594109
0.047385
0.190906
0.00976555
0.639204
1.3673
0.601136
0.119644
0.0587849
0.612263
0.560282
0.366213
0.0794758
0.0645712
0.246882
0.15404
0.0404893
0.225623
0.545433
0.0937841
0.0768972
0.586967
0.3309
2.01445
0.0893912
0.00820284
0.0600143
0.314145
0.094193
0.433595
0.678606
1.06108
0.56143
0.0448023
1.16052
0.268661
0.0160634
0.472948
0.504497
0.0769998
0.207459
0.201503
0.551372
0.336668
0.303972
0.0451227
0.728114
0.383795
0.300333
0.297996
0.627229
0.456885
0.0908198
0.126307
0.439138
0.201334
0.13703
0.607476
0.837631
0.267284
0.182573
0.421441
0.184923
0.00520761
0.538279
0.127189
0.277855
0.589894
0.950075
0.0477474
0.934766
0.116592
0.276471
0.375413
0.613115
1.15877
0.481004
0.337081
0.298393
0.0520803
1.7107
0.104903
0.607025
0.0752141
0.268261
0.185651
0.32148
0.543721
0.0212366
0.18273
0.0556481
0.214067
1.12585
0.26944
0.222256
0.416594
0.522923
0.803548
0.165333
0.360058
1.14885
0.0790177
0.655758
0.205756
0.570652
0.303889
0.145389
0.193651
1.84073
0.621236
0.274181
1.44122
1.24267
0.0820256
0.048917
0.210392
0.31239
0.42286
0.0183971
0.354199
1.13211
0.0763762
1.03735
0.798898
0.413431
0.143214
0.240298
0.134967
0.0369943
0.557098
0.71525
2.00507
0.880171
0.354505
0.194994
0.370624
2.72822
0.435282
0.990031
1.77208
0.189169
0.178555
1.24841
0.139713
0.303152
0.0120282
0.450111
1.44607
0.452638
0.498975
0.308393
0.350183
0.760475
0.215126
0.193464
0.225944
0.464823
0.62374
0.46655
0.570125
0.259184
0.244775
0.547288
0.144833
1.24586
0.00920911
0.773761
1.22515
0.458595
0.539652
1.09399
1.39087
2.22792
0.834896
0.106488
0.294862
0.90894
0.795346
0.2542
0.298034
0.294396
1.05261
2.02877
0.142483
0.139441
0.183478
0.481752
0.998203
0.0243737
0.14402
0.407528
0.302001
0.517809
0.142229
0.626839
0.42438
0.154686
0.364586
0.343119
1.0761
0.114048
0.253676
0.877869
0.108459
0.130552
0.0204949
0.521226
0.0457092
0.916006
0.0391661
0.387419
0.180178
1.65895
0.372491
0.405922
0.120246
0.944379
0.112259
0.0502973
1.1588
0.303228
0.535642
0.229105
0.0684625
1.29075
0.0575302
0.612595
0.112767
0.498231
0.128974
0.0536178
0.942199
0.500267
1.40998
0.0322222
1.05129
2.21026
0.62481
1.90188
0.885566
0.790082
0.368024
0.0826311
0.718881
0.0401819
0.628686
0.00103411
1.36658
1.36369
0.0514467
0.921375
0.254454
0.716071
0.129101
0.377989
0.59145
0.206066
0.150918
1.21519
1.40902e-05
0.338605
0.0137958
0.942301
0.0825384
1.79192
1.24762
0.0240182
1.62648
0.510847
0.0148778
0.794403
0.300213
0.400856
1.68147
0.134875
0.499895
0.579159
0.136248
0.428391
0.495314
0.206041
0.283677
0.0297453
0.0657354
0.552064
0.446461
0.873094
0.0182376
1.0098
0.68399
0.0182522
0.234536
0.744911
1.0935
0.378193
0.69481
0.834279
0.433063
0.631852
0.315546
0.470896
0.376155
1.44758
0.104519
0.346392
0.105557
0.89414
0.118623
0.282653
0.276388
0.961048
0.76375
1.0475
1.25066
1.25174
0.407992
0.365735
0.695663
0.452123
0.256217
0.35972
0.500805
0.778546
0.184316
0.38027
0.207409
0.0441289
0.22503
1.42983
0.825126
0.940042
0.41123
0.219508
0.7991
0.711211
1.0348
0.00579406
0.463875
0.0537184
0.293195
0.030893
1.73399
0.142501
1.44583
1.10339
0.0982616
0.356967
0.274004
1.47063
0.072102
0.915096
0.31563
0.745808
0.511873
0.779817
0.198723
0.00564112
1.06901
0.602425
1.55874
0.601551
0.411849
0.370265
0.0431314
0.237078
0.180784
1.71591
0.246648
1.32702
0.0394198
0.95008
0.000569066
0.0260481
0.0623017
1.45782
1.47329
0.176068
0.311979
0.2371
0.145647
0.462194
0.134359
0.656563
0.253121
1.1185
0.384143
0.66685
1.18119
0.282728
0.303479
1.00342
0.0858707
0.0245176
0.258485
0.138008
0.278112
0.632013
0.120989
0.892788
0.532527
0.172448
0.590502
0.53427
0.210326
0.853032
0.470299
0.177888
0.0731264
0.0545191
0.57959
0.247928
0.622306
1.42432
0.0796247
0.0727268
0.9172
0.585624
1.07384
0.70106
0.0804177
0.217317
0.498563
0.183923
0.256612
0.0334812
0.4041
0.932715
0.772832
0.757808
0.582263
0.307609
0.0502644
0.256295
0.0775088
0.29098
0.136662
0.716174
0.697671
0.236815
1.03379
0.304909
0.760956
0.454849
0.261564
1.44282
0.673456
0.154401
0.512785
0.502682
0.023179
0.802803
0.00886555
0.56782
0.069121
0.271911
0.688411
0.584728
0.165785
0.398683
0.333377
3.71048
0.0209021
0.440677
0.255958
0.102203
0.0298998
0.521173
1.68445
0.843246
0.0280061
0.925622
0.17167
0.918936
0.304214
0.615299
0.782128
0.123838
0.00106723
0.298592
1.01372
0.0242995
0.156795
1.09394
0.653075
0.255845
0.193923
0.340345
0.0623705
0.471553
0.0385515
0.468618
0.471024
0.0612588
0.124372
0.0213811
0.179375
0.163573
0.588132
0.159602
0.0611568
0.692256
0.0727191
0.26203
0.462163
0.452951
0.0765591
0.265692
0.880811
0.0778127
1.06626
0.612574
0.106558
0.0910298
0.464787
1.3967
0.42418
1.50639
0.29117
0.593465
0.420223
0.36484
0.196891
0.114876
0.508039
0.400242
0.142261
1.66647
0.933622
1.63082
0.139902
1.85699
0.630146
0.240237
0.2456
0.208715
0.00474392
0.381798
0.726432
0.91181
0.576861
0.536585
0.408994
1.10963
0.903208
0.106004
0.901781
0.275769
0.081492
0.174584
0.0785298
0.647974
0.879069
0.321277
1.50817
0.328226
0.0290547
0.115959
0.300395
1.1934
0.0965801
0.610307
1.08783
1.18704
0.0601219
0.170609
0.151292
0.0655079
0.911686
0.0267761
1.89113
0.385362
0.624585
0.388266
0.291257
0.413733
0.673841
0.174652
0.00970165
1.1704
0.453249
0.0899919
0.510803
0.289998
0.517772
0.455506
1.46794
0.609711
0.849197
0.26105
0.487149
0.00743546
0.0742814
0.36839
1.28585
0.145346
0.872007
0.109245
0.236604
0.561364
0.143178
0.222077
0.135207
2.2074
1.26794
0.580878
0.402844
0.553622
0.0056306
0.425766
0.43837
0.467974
0.686026
0.14314
0.0406487
0.264436
0.991778
0.0174509
0.0763719
0.585101
0.291659
0.740161
0.611001
0.43923
0.18881
0.507647
0.955236
0.0870739
0.938422
0.141483
0.934489
0.0610456
0.473147
0.0537128
0.055823
0.390944
0.794325
0.544793
0.1353
0.824968
0.1515
0.900357
0.283702
0.0173275
0.0547778
0.360229
0.295049
1.97134
0.398215
0.448413
0.559869
0.0118924
0.242215
0.254679
0.469729
0.616531
0.0344888
0.323045
1.06485
1.26976
0.659398
0.665153
0.0248384
0.227154
0.933822
0.0838433
1.33476
0.528913
0.881428
0.0984087
0.324224
0.0584045
0.0173325
1.36154
0.0780403
0.0742671
0.305363
0.452065
0.065485
0.019459
0.120166
0.816271
0.0318539
0.462914
0.127011
0.560479
0.203484
0.172561
0.0970438
0.131235
0.127242
1.29417
2.39782
0.159955
0.179014
0.912307
0.28188
0.138722
0.352954
0.16287
0.275614
0.00830254
0.247313
0.306989
1.53247
0.38691
0.460222
0.270478
0.0883041
0.656453
0.305374
0.237167
0.399618
0.367802
0.00671638
0.771327
0.124391
0.213821
0.0533785
0.254702
0.439467
0.198245
0.203844
0.431737
0.468125
0.515943
0.283738
0.0358841
1.16999
1.70892
0.214201
0.207875
2.17659
0.694403
0.84071
1.42296
0.186186
0.283363
0.229921
0.323331
0.104197
0.923995
1.03058
0.688537
0.238859
1.09251
0.398065
0.466213
0.143972
0.531661
0.0187393
0.948443
0.00627864
0.232906
0.293126
0.485094
0.023628
1.13914
0.59197
1.56625
1.01338
0.0364972
0.181165
0.973693
0.876053
0.0747868
0.81713
0.0857258
0.42902
0.108155
0.510402
0.743942
0.0292267
0.372665
0.385364
0.288136
0.277763
0.061602
0.0388281
0.577884
0.752134
0.0591938
0.397923
0.783405
0.333621
0.0125773
0.281192
0.382493
1.29896
0.0815954
0.344414
0.805006
0.125236
0.847386
0.551849
0.0357833
1.78851
0.33618
0.128896
0.40237
0.58873
1.07217
0.213095
0.697952
0.274023
1.17717
0.120184
1.00765
0.0179214
0.170771
0.415775
0.846186
0.257959
0.0766948
0.483692
1.21457
0.0915045
0.0416877
0.30601
0.0552046
0.131497
2.14426
1.2337
0.304619
0.817109
0.449853
0.374918
0.758895
0.0595625
0.72554
0.217948
0.83581
0.537917
0.620032
0.43184
0.0578489
0.491314
0.814635
2.42743
0.543416
0.0612117
0.408857
0.341062
0.368613
0.61476
0.0769868
0.294164
1.09565
0.126381
1.30108
0.00444455
0.30629
1.22623
1.2967
1.39831
0.64895
0.375532
0.322406
0.370686
0.518084
0.152458
1.13687
0.320855
1.43437
0.481456
0.0430511
0.0321104
0.15629
1.12446
0.0290074
1.5369
0.0127079
0.480379
0.303901
0.396615
0.212775
0.462051
0.0125694
0.143495
0.916701
1.5446
0.149512
0.189661
1.02922
0.108521
0.153449
0.472023
0.658843
0.694423
0.088594
0.253211
0.0201016
0.0386202
1.10926
2.30821
0.59619
2.15154
0.0281283
2.42475
1.07233
0.0589591
1.46829
1.20952
0.663577
0.264304
0.317238
0.0566404
0.0229157
0.342022
0.221771
1.10182
0.305363
0.488861
0.124243
0.211183
0.889532
0.334979
2.07133
0.430283
0.151492
0.0812466
0.00349336
0.179347
0.127411
1.14643
0.17393
1.41547
1.09197
0.215007
1.36147
0.751979
0.311204
1.08182
0.597719
0.125444
0.185632
0.107049
0.200566
0.219873
0.595612
0.599505
0.150468
0.0986369
0.210906
0.33062
0.37529
0.108288
0.00272446
0.361959
0.762344
0.155241
0.556544
0.77992
0.426931
1.22715
0.59868
1.08707
0.981993
0.454047
0.144248
0.804819
0.250013
0.643549
0.593386
0.0627408
1.71517
0.0170663
0.187002
0.181177
0.247247
0.0186914
0.0157392
0.536587
0.121736
0.235647
0.0924831
0.70167
0.428938
0.0957936
0.172072
0.236969
0.293795
2.33048
0.104851
0.025655
1.18239
1.16383
1.4309
0.741655
0.357311
0.113334
0.44212
1.31094
1.45534
0.181702
0.0293157
1.23768
0.20691
0.231088
0.132016
0.674513
0.261838
0.152896
0.270503
0.497951
0.520742
0.448255
0.258928
0.142561
0.74799
0.610786
0.500943
0.138607
0.598092
0.898295
0.173251
0.475667
0.682718
0.140461
0.260256
0.162673
0.299853
0.012488
0.12177
0.259541
0.200105
0.159979
0.202097
0.566256
0.527679
0.422212
0.287245
0.0463734
0.945168
1.03543
0.643935
0.357086
0.326481
0.0834668
0.734844
0.161974
1.02365
0.273604
0.37068
0.434765
0.160041
0.890433
0.124707
0.0229319
0.050864
0.50189
0.195269
0.400289
0.538635
0.393147
2.13602
0.00982947
0.895135
0.193964
0.59933
0.346739
1.21806
0.0880955
0.448376
0.732258
0.027049
0.206116
0.178572
0.381764
0.341752
0.0496478
0.871974
0.239766
0.365716
0.22813
2.45872
0.820557
0.122303
0.121179
0.96613
0.189152
0.994517
0.10919
1.07947
0.383915
0.693555
1.03031
0.406216
0.453687
0.118111
0.16298
0.0671471
0.0730409
0.292304
0.644239
1.24853
0.343546
0.046403
0.130713
0.0322015
0.442277
0.197184
1.12169
0.000266013
0.990659
0.160283
2.50762
0.567983
0.341937
0.118018
0.396533
0.873014
0.0478695
0.699938
0.635068
0.498687
0.366666
0.462738
0.12014
0.0781212
0.876379
0.342438
0.158301
1.95294
1.69506
0.0117307
1.1508
0.316458
0.0593508
0.0778547
0.381183
0.609841
0.320533
0.289948
0.610799
0.216255
0.644859
0.602012
0.0302865
0.139636
1.3169
0.469297
0.0471515
0.0158283
0.240718
0.845917
0.545258
1.29279
0.286712
1.11976
0.0423478
0.1655
0.257422
0.218442
0.15447
0.234711
0.237136
0.0990589
0.98886
0.339136
0.196885
0.263959
0.125436
0.839679
1.01596
1.46918
0.102423
0.465069
0.530575
0.140273
1.00015
0.447019
1.01728
1.70019
0.488585
0.155576
0.772663
0.186009
0.113754
0.140145
0.123308
0.168204
0.378693
0.49414
0.521481
0.831522
0.0169025
0.028323
0.00641246
1.1441
0.39877
0.206615
0.194308
0.763432
0.0948162
0.116263
0.665953
0.223105
0.872836
0.263399
0.472455
0.60218
0.0163427
0.340789
0.556935
0.535659
0.742794
0.322615
3.15436
0.00111054
0.654577
0.122489
0.169786
0.166859
0.980919
1.602
0.061501
1.13313
0.0111556
0.0688043
0.808511
0.424951
0.317432
0.0784999
0.23466
0.523763
0.218968
0.0729907
0.0200193
0.111448
0.398545
0.528501
1.24187
0.43717
0.0953848
0.455532
0.153803
1.69184
0.0543811
0.15293
1.73224
0.919478
0.331497
0.152217
0.0777143
0.223075
0.130065
0.150998
0.157386
0.144779
0.248256
0.0493101
0.911371
1.06348
0.137213
0.131669
0.39086
0.459453
0.230472
0.437631
0.837198
1.43277
0.150831
0.66771
0.381679
0.287294
0.21983
0.836485
0.26299
0.309268
0.0512632
0.241705
0.192595
0.440582
0.530322
0.314365
1.80869
1.15015
0.669709
0.142761
0.0903528
0.0837331
0.210589
0.0122122
0.026472
0.445648
0.147838
0.453291
0.12243
0.500694
0.115326
0.0266069
0.437787
0.317452
0.786546
0.0788369
1.33639
0.0933624
1.86171
0.21546
0.50775
0.0407481
0.68355
2.12093
0.550947
0.270729
0.303765
0.518163
0.200981
0.122347
1.21595
0.346672
0.233683
0.156162
0.37232
0.27772
1.03973
0.789177
0.0273894
0.0576679
0.293346
0.150505
0.0878109
0.0300404
0.674759
1.78983
0.114493
0.568798
0.0800429
0.102504
0.0300118
0.791912
0.153581
0.82477
0.763553
1.54788
0.141275
0.150126
0.466307
0.437546
0.327202
0.376654
0.0598742
1.0291
0.833235
0.514564
0.188364
0.595305
0.302273
0.229633
0.837093
1.26535
0.50481
2.62828
2.24281
0.252173
1.71428
0.10907
0.0545701
0.0648934
0.241963
0.0883582
1.32282
0.533821
2.32533
0.635337
0.480325
0.136448
0.00336264
0.143195
0.903911
0.33391
0.781648
1.64379
0.234458
0.476673
0.472065
0.598613
0.202234
0.049571
0.0491747
0.0908105
0.0138775
0.663376
0.0885064
0.00948263
0.0846328
0.0730896
0.121025
0.150584
0.149659
0.464278
0.276495
0.110756
0.167711
0.270094
1.37387
1.28122
0.545619
1.438
0.10144
0.361763
0.289213
3.00088
0.330557
0.884788
0.474304
0.0660034
0.390449
1.78992
0.123406
0.510448
0.077564
0.141467
0.250729
0.183595
0.154274
0.404311
0.295377
0.331175
0.882539
0.626855
0.063021
0.158914
1.33514
0.260065
0.600482
1.02404
0.207318
0.242191
0.857319
0.37481
1.27219
0.163069
0.372896
0.268821
0.0685052
0.0908358
0.391808
0.563167
0.0775885
0.741113
0.206008
0.170298
0.022479
0.680655
0.461492
0.185643
0.192642
0.0411576
0.827273
0.0921879
0.802755
1.4075
0.293205
0.668056
0.219094
0.092407
0.48346
0.609162
0.407517
0.304535
0.147642
0.335731
0.684412
0.789807
1.31859
1.0797
1.94756
0.328242
0.424513
0.068297
0.161196
1.34887
0.271263
0.19304
0.576
0.0268709
0.508316
0.0166719
0.0705306
0.311504
0.112498
1.44965
0.266076
0.528176
0.583735
0.758978
0.892576
0.200893
0.348132
0.260714
0.807764
0.732401
1.2497
0.412035
0.430169
0.952829
0.307271
0.410891
0.214657
0.0322227
0.592204
0.499968
0.00313918
0.0751219
1.94922
0.586605
0.10674
0.485757
0.646359
0.196766
0.0606338
1.45674
0.163657
0.37775
0.464831
2.82256
0.201121
0.302138
0.198961
0.946936
1.05718
0.0819826
0.497618
0.813705
0.636403
0.13263
0.548134
0.11388
0.819624
0.0227113
0.155195
0.362395
0.567974
0.15955
0.54074
0.542483
2.35968
1.00792
0.183206
0.633496
0.11712
0.275191
0.555691
0.338608
2.0523
0.178027
0.33603
0.191459
0.724748
0.896262
0.102802
0.532455
0.00281592
0.880091
0.322541
0.647209
0.0426013
0.0920311
1.48546
1.12964
0.119728
0.126908
0.275715
1.19636
0.348171
0.0599533
0.434966
0.341251
2.92782
1.19225
0.135228
0.11582
0.210398
1.30826
0.614387
0.200548
0.135614
0.125082
0.53487
0.0142814
0.0390561
0.967675
0.577567
0.0421134
0.591802
0.103111
0.837551
0.759304
0.220343
0.72882
0.579272
0.427766
0.0084198
0.0736337
0.341312
0.365833
0.144393
0.0557702
0.0233135
0.143017
0.0138859
0.166453
0.307139
0.232177
0.125015
0.106331
0.622774
0.310228
0.268619
0.246727
0.338013
0.339567
0.152024
0.112812
0.429841
1.99126
0.247739
0.261262
0.724761
0.712561
0.109753
0.316411
0.219113
0.12038
0.471808
1.01151
0.678688
1.05232
2.24247
0.784179
0.0772313
0.00948776
0.0514039
0.467126
0.247725
0.193001
0.830454
0.0691722
0.795735
0.141009
0.369329
0.183803
0.691988
0.798083
0.360705
0.213028
0.760721
1.31485
0.727458
0.412331
0.594156
2.13924
0.03189
0.0405582
0.113565
0.563105
1.55866
1.6981
0.417402
1.45704
0.718986
0.629702
1.71696
1.01519
0.211439
0.22644
0.115037
0.096666
0.343246
0.0128189
0.276122
0.0260385
0.202782
0.10996
0.957412
1.00152
0.398448
0.518912
0.802798
0.205016
0.132576
0.35707
0.196887
0.175174
0.447418
0.381116
0.000611838
0.403356
0.352052
0.418874
0.353918
0.170947
0.182644
0.327462
0.0962492
0.53831
0.992863
0.241363
0.939086
0.234863
0.262836
0.170426
0.278279
0.701834
0.33683
0.175758
0.498412
0.036573
1.70823
0.296617
0.262496
0.115478
2.25228
0.684384
0.352623
0.43678
0.178935
0.353907
0.0897049
0.860295
0.0552131
0.567208
0.0703885
0.266042
0.102333
0.18394
0.0529064
0.0340827
0.602841
1.61
0.292023
0.0730461
0.147806
1.10108
1.16371
0.707965
0.112009
0.39318
0.896509
0.0956213
0.0123847
0.150896
0.241087
0.00808948
0.0164681
1.20509
0.457287
0.203107
0.280211
0.740731
0.0962564
0.3848
0.316039
0.183949
1.92181
0.540251
0.487618
0.0435942
0.655399
0.211683
0.0261675
0.10979
0.331107
0.183866
0.053822
0.254702
0.047112
0.181186
1.78242
1.35599
0.328551
0.000949255
0.114422
1.07628
0.00905501
0.135463
0.806275
0.481316
0.430197
0.143946
0.263502
0.716348
0.803939
1.1468
0.0492532
0.760459
0.422781
0.63983
1.0298
0.194955
0.0491059
1.32751
0.37171
0.435225
0.14258
0.498201
0.00638936
0.207301
1.59927
2.17641
0.166432
0.29662
2.27814
0.338295
0.211985
0.00501399
0.672004
0.0918073
0.495222
0.205844
0.272904
0.0353342
0.0656598
0.137872
1.90119
0.122647
0.0238617
0.401894
1.61258
1.29323
1.12572
0.0315735
0.97999
0.282803
0.518258
0.0668846
0.0483555
0.537486
0.315061
0.0303633
0.522483
0.718755
0.354883
0.510701
0.161428
1.02855
0.525506
0.021262
0.0294743
0.180053
0.239012
0.326505
0.232547
0.352931
0.655644
0.218438
0.661096
0.758145
1.32342
0.600547
0.62411
0.884316
0.722804
0.43948
0.164227
0.279562
0.630023
0.234018
0.0612004
0.116893
0.284707
0.735975
2.70964
1.76454
0.280069
0.159175
0.936526
0.0570766
0.189147
1.20334
0.265843
0.610344
0.256403
0.801375
0.134382
0.0852832
0.095705
2.67678
1.5385
0.0608637
0.594502
0.558977
1.58102
0.324275
0.16542
0.140525
1.32356
0.0131034
0.491552
0.0287223
0.133707
0.0469154
0.888818
0.131581
0.0341671
0.163079
0.355065
1.26171
0.245588
0.914223
0.90156
0.845867
0.408374
0.147109
0.493031
0.821072
0.267459
0.835391
0.811501
0.235549
1.39841
0.360676
0.0402457
1.15095
0.0120576
0.223436
0.0866417
1.56905
0.244561
0.791209
0.0103331
0.495121
1.1158
0.95997
1.04203
1.72377
0.0812073
0.254052
1.1087
0.390646
0.147799
0.663884
0.235742
0.880598
0.00851616
0.0171473
0.519835
0.282495
0.944284
0.313608
0.86581
0.789078
0.00649076
1.1952
0.606364
0.0187159
0.165264
1.03603
0.000702019
0.565265
0.567986
0.0110506
0.198833
0.437042
1.04997
0.123983
0.406132
0.0226893
0.490067
0.308062
0.443835
1.14409
0.123413
2.72383
0.664277
0.134478
0.0155311
0.25653
0.563109
1.07067
1.09133
0.360731
0.579286
1.1598
0.284602
0.262563
1.4361
0.647245
0.176913
1.45063
0.274423
0.00331327
1.7644
0.719631
0.445381
0.95409
0.00410806
0.0952824
1.15561
0.501655
0.5105
0.347465
0.391802
1.03408
0.344236
0.178741
0.0674289
0.376809
0.622535
0.831428
0.277107
0.471362
0.210075
0.0745483
0.370629
0.782412
0.400518
0.322341
0.379979
1.00598
0.279762
2.09712
1.0341
0.25914
0.693944
0.323956
0.159643
0.711841
0.535034
0.104192
0.265174
0.192539
0.596836
2.09786
0.117448
0.12391
0.170352
0.205582
0.712125
0.0146036
0.0922642
0.116507
0.511725
0.36243
0.213967
0.1059
0.197477
1.27113
0.559577
1.04769
0.790267
0.0693354
0.997833
0.566675
0.385767
0.491977
0.099945
0.872751
0.259261
0.950769
0.0177314
0.893449
0.104348
0.662061
0.856925
0.255602
1.86566
0.0692641
0.691581
0.671653
0.0861953
1.3568
1.72004
0.827669
0.306802
0.194235
0.0113456
0.802045
0.147036
0.597344
0.579131
0.037347
0.904217
0.413803
0.70237
0.247596
0.121217
1.53925
0.134132
0.492595
0.829289
0.157777
0.321962
0.0103632
0.015999
0.187897
0.273467
0.00630656
0.294667
0.107966
0.698044
0.469586
0.0745843
0.645386
0.285663
0.460678
0.0381981
0.306541
0.271335
0.199844
0.10001
0.0707155
0.257894
0.019287
0.603842
0.0999823
0.280499
1.36721
0.0773471
0.55867
0.422188
1.75031
1.71401
0.0393725
2.65306
0.00272209
0.247552
0.27026
0.00906505
0.959973
0.481172
0.738618
0.32419
0.723021
0.359654
1.38044
0.243937
0.44498
0.259058
0.858666
1.42596
0.447196
1.72405
0.218589
0.498174
0.560566
0.388239
0.0469354
0.480222
0.585243
0.730831
0.120251
0.545701
0.673957
0.171564
0.540035
0.685268
0.586055
0.0562233
0.724721
0.407149
0.655051
0.401549
0.0337951
0.357754
0.0500707
0.00643731
1.26026
0.58458
0.270204
0.688256
0.509465
0.0204536
0.637024
0.0120844
0.558877
0.267192
0.415998
0.731128
0.0318222
0.163071
0.400909
0.161622
1.70359
0.188055
0.424953
0.500372
0.0444458
0.168653
0.682966
0.974544
0.98253
0.338734
0.276538
1.35159
0.018079
0.370107
1.47571
1.61524
0.135299
0.233761
0.624714
1.11729
0.267648
0.300759
1.26183
0.061267
1.08554
0.34153
1.12266
1.56125
0.770847
0.306351
0.137073
0.70802
0.768134
0.87402
0.262896
1.05039
0.0711027
0.0979689
0.680889
0.00559
0.565395
0.106956
1.4575
0.627423
0.644199
1.13645
0.571069
2.13979
0.167116
0.267067
1.06469
0.61639
1.08484
0.823057
0.892936
0.755117
0.193787
0.664007
0.674694
0.069712
0.122291
0.00365841
1.14716
0.0131385
0.897429
0.193804
1.18551
2.0612
0.349806
0.539197
3.09106
0.115433
1.00524
1.44233
1.40317
0.461221
0.935171
0.494589
0.447399
0.0805716
0.0372964
0.332256
1.01605
1.71752
0.186969
0.620457
0.695858
0.512389
0.311664
0.355089
0.755182
0.584209
0.362833
0.581859
0.630592
0.228678
0.0192805
0.501346
0.218634
0.390921
0.189825
0.217492
0.710831
0.110832
0.182447
0.610839
0.838268
0.0933208
0.219105
0.273736
0.193288
0.279626
1.33575
0.115411
0.256927
0.146109
1.36837
0.0974445
1.22261
0.262523
0.590525
0.603639
0.0666333
0.133128
0.262554
0.952071
0.467372
0.296533
0.34519
2.39169
0.0113225
0.885903
0.212565
0.763413
0.0254462
0.540132
0.350971
1.00986
0.923861
1.05223
0.181734
0.100307
0.193835
0.141302
0.247369
0.662775
0.350484
0.204162
1.31222
0.279735
0.704987
0.495957
0.084592
1.11122
1.0553
0.420633
0.694958
0.345767
0.0244817
0.158587
0.339327
0.0364091
0.0650265
0.970395
0.980224
0.0943127
0.378166
0.238373
0.029327
0.246712
0.159141
0.225329
0.429572
0.458852
0.478301
3.57526
0.21991
0.0800469
0.203761
0.174145
0.43512
0.0611935
1.45977
0.683048
0.0113936
0.88575
0.203918
0.746053
0.212929
0.242022
0.036879
0.972185
0.304177
0.107549
0.641219
0.201057
0.229053
0.161685
0.638238
0.277441
0.561169
0.0107489
0.812775
0.160769
0.487558
0.286686
0.160403
0.00510181
0.44478
0.478764
0.181516
0.109856
0.669169
0.15007
1.63552
0.717429
0.0579909
0.180925
0.401456
0.307027
0.596993
0.491996
0.201768
0.0983533
0.891774
0.0424329
0.360567
0.123309
0.222407
0.149374
0.527513
0.0322084
0.164145
0.319025
0.206551
1.28271
1.3443
0.483747
1.36436
0.37772
0.151179
0.143366
0.667106
0.0128925
0.359831
0.608548
0.778575
0.493093
0.0181962
0.22355
0.0609595
0.664042
0.0090314
0.298339
1.32911
0.953855
0.381091
0.302023
0.0465981
1.22688
0.639483
0.685425
2.16327
0.0147434
0.137751
0.198795
1.56807
0.101385
1.84419
1.12533
0.640331
0.137764
0.0863561
0.32346
0.155061
0.567244
0.11491
0.0412483
0.198657
0.138196
0.291339
0.294531
0.00187722
0.308126
1.24506
1.36067
0.19895
0.309206
0.253072
0.271638
0.244492
0.0780429
0.104863
0.236097
0.0954604
0.283687
0.627401
0.0743226
0.487317
0.591781
0.02462
0.227634
1.5651
0.116027
0.982683
0.131029
1.15946
0.0435572
0.186124
0.139211
0.197364
0.723527
0.597318
0.200208
0.141827
0.488552
0.160297
0.435236
0.0604151
0.570268
0.0163755
0.350219
0.90097
0.12536
1.15537
0.01494
0.543038
0.49161
0.0918331
0.184293
0.208996
0.121858
0.574777
0.182161
0.277829
0.406256
0.389239
0.20838
0.515593
1.01744
0.44583
0.000305614
0.51809
0.185505
0.200673
1.20682
1.58553
0.473073
0.349276
0.0414409
0.189125
0.384034
0.441189
0.0927677
0.732015
0.345259
0.110983
0.298143
0.0827638
0.230171
0.734727
0.344366
0.447255
0.317997
0.851299
0.0249765
0.0300149
0.236225
0.247647
0.610311
0.151843
0.00643171
0.611413
1.31
0.195031
0.0329958
0.925553
0.170018
0.568032
0.225022
0.23041
0.0117752
1.26737
2.09293
0.107114
0.598047
0.33328
0.250716
0.0947949
0.517795
0.749155
1.62085
0.0931582
0.2446
0.288085
0.004952
0.287112
0.344574
0.244385
0.930534
0.129071
0.534411
0.977902
1.53861
0.449111
0.110917
0.0132445
0.300007
0.337792
0.613163
0.88472
1.05825
0.6573
0.708533
1.00691
1.42597
0.320023
0.229689
0.211977
0.527711
0.0222072
0.0784542
0.482021
0.120303
0.384062
0.0451777
0.126688
0.00305423
0.442936
0.479962
0.952521
0.881469
0.176339
0.634972
0.774609
1.20317
1.37444
0.846172
0.233424
0.286647
0.385486
0.125383
0.200691
0.172186
0.0026983
0.120281
0.139137
0.325321
0.44338
0.451626
0.0857734
0.501884
0.688679
0.769819
0.989046
0.182347
1.05957
0.0545778
0.186833
0.327652
0.647568
0.0998948
0.198144
0.025827
1.23772
0.0739326
1.71762
0.971122
1.75008
0.212784
0.185157
0.359112
0.426724
0.522277
0.852312
0.433363
1.04793
0.0430234
0.0462141
0.325472
0.571788
0.141663
0.075485
0.296586
0.0288335
0.010246
0.724739
1.43322
0.0660832
0.0534884
0.283086
0.98223
0.166783
0.739863
1.2378
0.119018
1.28254
1.0896
0.0454539
1.13102
0.142679
0.253835
0.273207
0.905791
0.039315
0.1496
0.283176
1.64677
0.20954
0.370546
0.296663
0.0269477
0.761817
0.448698
0.348117
0.925548
0.475443
0.170056
0.784639
0.681804
0.248482
0.140603
0.478638
0.576569
0.0215293
0.390603
1.22211
1.78707
0.291866
0.00682488
1.02394
0.60133
0.265524
0.18374
0.399561
0.33646
0.424256
0.0077513
0.306999
1.38738
0.387589
1.33061
0.000349177
0.208779
0.379288
0.348842
0.11332
0.0948727
0.81561
0.00927604
1.35389
0.12211
0.153107
0.408319
1.25443
0.183063
0.0693086
0.907928
0.166937
0.428869
0.95587
0.094071
0.177264
0.165155
0.32949
1.00457
0.765771
0.0444494
1.0726
0.153079
0.0168834
0.286201
0.114518
0.0172452
0.782635
0.685276
0.385449
0.00888206
1.3683
0.223454
0.0183345
1.03097
0.437191
0.178584
0.294322
0.358477
0.475893
0.432147
0.227926
1.25028
0.100435
0.134478
0.0538165
0.331002
0.368847
0.443832
0.227399
0.197027
0.566032
0.152839
0.452989
0.623858
0.617008
0.836863
0.691176
0.362586
0.424993
0.184117
0.381812
0.36346
0.565761
0.423703
0.258666
0.16708
1.106
1.01018
0.829654
0.363473
0.308294
0.109398
0.294723
0.523284
0.285799
0.400051
0.087433
2.21182
0.0913686
0.37753
0.190154
0.971396
0.821837
1.36398
0.436531
0.378423
0.700859
0.216961
0.0403687
0.213152
0.552531
0.477022
1.07193
0.22903
0.119546
0.179343
0.539229
0.0630398
0.102675
0.332565
0.51074
0.528746
0.585978
0.0605158
0.195937
0.0825469
0.554149
0.334915
0.0771347
0.94401
0.025676
0.31027
0.627436
0.988201
0.260834
0.19241
0.261657
0.101662
0.570692
0.333923
0.383526
0.231455
0.0700473
0.282786
0.693193
0.21163
0.682819
0.279945
0.313966
1.48293
1.3998
0.0721902
0.468519
0.506741
0.143388
1.57599
0.801307
1.40496
0.301004
1.57877
0.790692
0.350524
0.278194
0.372031
0.239687
0.950759
0.988575
0.811945
0.027666
0.405124
0.185243
0.447818
1.508
0.292598
0.0281184
0.614108
0.81097
0.813844
0.0882269
0.170303
0.709362
0.0588416
0.277244
0.243803
0.702377
0.575463
0.215627
0.419207
0.498596
0.851399
0.379224
0.29252
0.207866
2.26974
0.000547903
0.658639
0.921814
0.992961
0.399079
1.15808
0.2835
1.0499
0.35117
0.248431
0.204249
0.411975
0.0669277
0.0868164
0.241647
0.170011
0.299932
0.0901806
0.256514
1.13967
0.405474
0.0989936
0.448408
1.31943
0.706217
0.142771
0.70002
0.185118
0.602825
0.0629343
0.179177
0.604771
0.982694
0.0883135
0.430289
0.276499
0.0404371
0.0211901
0.190839
0.440014
0.284698
0.541073
0.0957177
0.414383
0.889751
0.413175
1.01515
0.178754
0.665113
0.168391
0.119321
0.187743
0.316513
0.848476
0.145454
0.142494
0.045283
0.0161242
0.413903
0.787669
0.0813814
1.07005
0.357422
0.0145566
0.0312774
0.0623929
0.302836
0.0745883
0.0866263
0.768216
0.656474
0.456194
0.311158
1.26741
0.10476
0.187434
0.339915
0.0391133
0.484333
0.145207
0.225119
0.936259
0.423005
0.944043
0.560277
0.909332
0.0613555
0.726197
1.03055
0.575871
0.425872
0.0205559
0.43147
0.0603479
0.035765
0.512977
0.131834
0.372815
0.777124
0.249772
0.200533
0.382918
0.0118143
0.825733
0.313857
0.119527
0.076726
2.35697
0.170415
0.736795
0.140652
0.538958
0.496089
0.885914
0.369595
0.197032
0.567409
0.514724
0.0615377
0.414693
0.214247
0.593332
0.465357
1.51204
0.847657
0.567029
0.457865
0.0362032
0.130019
0.261156
0.31265
0.416081
1.75024
0.335698
0.24808
0.291088
0.619727
0.385422
0.28491
0.0138639
0.199339
0.582946
0.583339
2.15704
0.380661
0.134504
0.189328
0.134868
1.12995
0.28407
0.83837
0.149281
0.0839536
0.286167
0.122809
2.36353
0.0761143
0.887818
0.0326256
0.232776
0.14801
0.377698
1.65852
0.131825
0.0261648
0.224068
0.571997
0.723881
1.26771
0.0770685
0.790862
0.15133
0.920945
0.345814
0.144326
0.247896
0.684231
0.424019
0.503292
0.526669
0.0188516
0.311877
1.32588
0.106527
1.28178
0.0861857
0.102383
0.0396832
0.00506006
0.143178
0.29929
0.154928
0.784032
0.272626
0.349057
0.938749
0.793921
0.117528
0.489227
0.644102
0.21861
0.28648
0.00656056
0.120496
1.64402
0.153231
0.472668
0.624666
0.952403
0.157664
0.243081
1.11336
0.684344
0.196436
0.0522591
0.564866
0.333485
0.168079
0.709431
0.343734
0.387793
0.131435
0.747421
0.215765
0.53828
0.177673
0.121429
0.319077
0.359658
0.961169
0.124311
1.08824
0.183096
0.132846
0.0618598
0.161445
0.348111
0.662453
0.00874945
0.230146
0.0160156
0.257749
0.160913
0.755717
0.671726
0.235912
0.320724
0.143115
0.554766
0.1464
0.707622
0.133928
0.335693
0.397036
0.447786
0.0962234
0.997913
0.856833
0.529792
0.248941
0.576079
1.10147
0.173522
0.0100786
0.0743117
0.265348
0.175652
0.518046
0.0935824
0.188357
0.0225919
0.113148
0.650118
0.192898
0.00332299
0.33073
0.612615
0.327263
0.680124
0.252742
0.682997
0.363605
0.509537
0.14829
0.0499566
0.147591
0.285159
1.78809
0.0507559
0.0618656
0.230507
0.7732
0.0110205
0.556343
0.826674
0.0872189
0.0588848
0.0675556
0.845025
0.166277
0.2925
0.997024
0.336037
0.108428
0.112162
0.342791
0.580241
1.29158
0.00489359
0.297498
0.20182
0.70388
3.13015
0.00117289
0.0192041
0.0492183
0.149191
0.320709
0.0370194
0.220072
0.450718
0.292121
0.0904007
0.47965
0.0760663
2.71925
0.771542
0.145933
0.0657419
0.476797
0.389525
0.422144
0.339074
0.0319603
0.746674
0.604851
0.41094
0.326153
0.503793
0.422621
1.53846
3.03617
0.21271
1.52192
0.000361107
0.243079
0.0280844
0.149685
1.05047
0.0674482
0.486238
0.331754
0.425256
0.797669
0.0699128
0.638222
0.789323
1.32948
0.0010373
1.32682
0.403316
0.391879
0.355757
0.0400424
0.46805
0.18211
0.766093
0.108569
0.800107
0.287037
0.748158
0.708496
0.285558
0.0787637
0.629198
0.286216
0.382611
0.744273
0.608723
0.277886
1.21818
0.213483
1.37135
0.342757
0.091033
0.0399148
0.137861
1.95181
0.00918349
0.139247
1.21332
0.425019
0.802003
0.28297
0.529433
0.276262
0.691259
0.30314
0.491898
0.41251
1.22477
0.272924
0.207797
0.223527
0.423059
0.0432588
0.833793
0.0723353
0.999159
0.378012
0.416533
0.766118
1.14234
0.356381
0.178791
0.0413603
0.445077
0.395724
0.0328191
0.46882
0.811154
2.12055
0.116346
0.476486
0.273031
1.04167
0.0358571
0.107564
0.211561
0.600413
0.724647
0.157975
0.0789835
0.0692228
0.509479
0.644285
0.11962
0.314474
1.01953
0.0498873
0.0151138
0.298285
1.09336
1.3431
2.32135
0.11368
0.0113807
0.435907
0.714067
0.0450224
0.122009
0.43007
0.0389675
0.278487
0.122643
0.344523
0.19113
0.169567
0.60133
0.556652
0.00776958
0.328937
1.69664
0.0881684
0.478766
0.47166
1.14961
0.923625
0.0565401
0.750074
1.48421
0.0735938
0.142426
0.91969
0.0415837
0.137547
0.0332377
0.0540166
0.905043
0.885283
0.104745
0.0379215
0.275165
0.153809
0.348857
0.522128
0.745378
0.903206
1.60383
0.337858
0.369005
1.90587
0.00330652
0.340566
0.0778104
0.487858
0.0715456
0.0301283
0.327473
0.137919
0.917353
0.287261
0.239028
0.0570171
0.175329
0.309819
0.215294
0.224142
0.41939
0.114811
0.118084
0.727481
0.163618
0.511644
0.028955
0.791146
0.186787
0.903286
0.513817
0.163097
0.211089
0.105857
0.150996
0.21625
0.589833
0.26144
0.0028762
0.902529
0.314883
0.333211
0.0508007
0.196518
1.49018
0.326129
0.28553
0.14614
1.74018
0.802741
0.486111
0.390552
0.013982
0.933958
0.199749
0.183454
0.347373
0.244522
0.0662332
0.879577
0.137987
0.742985
0.0675857
0.447951
2.15829
0.246479
1.74982
0.57248
0.834198
1.87892
0.379394
0.17693
0.315025
0.500441
0.497835
0.276279
0.0752831
0.0498774
0.580479
0.0610643
1.16906
0.200891
0.542575
1.36477
0.108351
0.0108842
0.145186
0.608475
0.262853
0.237449
0.394918
0.536326
0.0959931
0.566975
0.160021
0.0897689
0.0501875
0.143415
0.976252
1.24354
0.131131
0.259788
0.128751
0.614171
0.0350015
1.03148
0.0857934
0.116546
1.99418
0.96914
0.196029
1.09154
0.114379
0.00837931
0.87875
0.256965
0.019459
0.0527342
0.0709265
0.297174
0.327673
0.576572
0.0718215
0.542651
0.241679
0.263857
0.909314
0.328214
0.550783
0.611538
0.263201
1.24097
0.0738272
0.515862
0.501054
0.114959
0.376976
0.805341
0.268998
0.361284
0.550162
0.697846
0.268246
1.08974
0.735239
0.151638
0.180585
0.834126
0.225756
0.288156
0.163596
0.990298
0.0807839
0.268306
0.385633
0.384551
0.923375
0.248775
0.0254796
0.371461
0.0663462
0.308398
0.300349
0.152264
0.0708499
0.0601348
0.318922
0.550311
1.29679
1.20117
0.116409
0.45999
0.55582
0.496599
0.347495
0.307059
1.20434
0.853915
0.171044
0.168363
0.161465
0.427498
0.0903606
0.279182
0.0112105
0.619813
2.88499
1.0074
0.0689643
0.0243065
0.260263
0.146536
0.355983
1.04616
0.368283
0.520386
0.00358023
0.0128932
0.205043
1.35447
1.39388
0.398301
0.392264
0.480219
0.114848
0.0392837
0.055741
0.0688239
1.16148
0.253052
0.269675
0.106457
0.00226109
0.442594
0.491743
0.0135256
0.192936
0.488626
1.13327
0.300494
0.559809
0.189634
0.628533
0.117003
0.116699
0.150776
1.01998
0.121279
0.168562
0.125977
0.0868213
0.133551
0.764491
0.619782
1.00878
0.00647123
0.783544
2.20481
0.0763093
0.605892
0.245215
0.413614
1.20372
0.249005
0.0978135
0.39541
0.27205
0.34834
0.109671
0.199779
2.06002
1.08275
0.529585
0.605534
0.0581349
1.0446
2.24432
2.8531
0.0572776
0.162511
0.124429
0.15643
0.363295
0.0140859
0.00377103
0.254069
0.0207528
0.803422
0.246216
0.100763
0.364417
0.781383
0.702275
0.289
0.114305
1.49677
0.00916862
0.498035
0.30745
0.121243
2.25725
0.295592
0.0618801
0.517099
0.0957095
0.128674
0.381191
0.0905115
0.127117
0.519676
0.295399
0.297171
1.3745
2.62141
0.323809
1.44711
0.250779
0.36568
0.693828
0.79875
0.617778
0.171119
0.459917
0.328085
0.673333
0.851512
0.28883
0.712223
0.312631
1.26933
0.000325155
0.304677
0.237647
0.0622504
0.06907
0.407435
0.212017
0.551471
0.656496
0.428783
0.205238
0.11244
0.0283745
0.166029
0.109994
0.381543
0.134763
0.455349
0.0434756
0.00649959
0.266673
0.800945
0.180456
0.0234887
0.178015
0.0357146
1.01309
0.693008
0.897579
0.214168
0.568764
0.899724
0.857508
0.0449172
1.69226
1.66735
0.520762
0.191208
0.507818
0.253739
1.22916
0.00281867
0.465019
1.91745
0.170028
0.842775
0.362986
0.376816
0.280632
0.461568
0.391276
0.986784
0.271572
0.993011
1.21617
0.653616
1.40777
0.773817
0.342834
0.757315
0.0860427
0.112454
0.493146
6.34703e-05
0.170086
0.456229
1.66946
1.60112
1.39952
0.468002
0.226422
0.976691
0.475571
0.000860259
0.914849
1.27949
0.847847
0.233012
0.310169
0.154281
0.00363736
0.0189278
0.0778604
0.278024
1.17219
0.0361301
0.0996413
0.945489
0.99464
0.576553
0.512097
0.0201654
1.15935
0.172457
0.0202316
0.113894
1.20392
0.00554444
0.0933812
0.961678
0.482963
0.387157
0.639055
0.149183
0.389099
0.427189
0.106776
0.235173
1.84438
0.541889
0.522878
2.06137
0.603628
0.809524
0.266901
0.47759
1.05274
0.4581
0.326174
0.692736
0.183583
0.0800486
0.785846
0.125869
0.292155
0.902122
0.280375
0.226686
0.94026
0.464618
0.134486
0.328635
0.0942439
1.99122
0.694593
0.637543
0.409676
1.6438
0.0649958
0.386828
0.496995
0.752469
0.37289
0.217263
0.450073
1.70384
3.66544
0.331751
0.424509
0.325745
0.148756
1.14586
0.500147
0.0377973
0.0730002
0.0548145
1.23925
0.421246
0.318307
0.736593
0.112368
0.629774
0.16013
0.235189
0.60323
0.0259423
0.0650074
0.166616
0.0102713
0.1403
0.907913
0.526761
0.0240527
0.23884
0.0172276
0.51461
0.217369
0.0170035
0.0843869
1.49213
0.360057
0.268261
0.958122
0.0948992
0.33679
0.00402393
0.162701
0.270115
0.431052
0.714378
0.118311
0.780268
0.340129
0.335401
0.103586
0.123665
0.389417
0.185828
0.353445
0.413012
0.411169
0.224093
0.136428
0.470316
0.699403
0.159512
0.161878
0.0697615
0.183454
0.285193
0.0463289
0.904143
1.01479
1.52097
0.0149578
0.23405
1.63034
0.183888
0.819775
0.394148
0.0487214
0.0200351
0.21903
0.445592
0.376833
0.395499
0.862123
0.0530134
1.03951
0.212795
0.550512
0.298379
0.633727
1.29718
0.0465589
0.335364
0.117728
0.228663
0.488889
0.368492
0.849207
0.631511
0.234595
0.594767
0.563118
0.259327
0.0509697
0.514998
0.64194
1.21916
0.12068
0.865318
1.58185
0.427549
0.280564
0.340354
0.0811845
0.157518
0.455814
0.0214476
0.489172
0.170743
0.339334
0.225915
0.128005
0.439648
1.02286
0.288814
1.97254
0.35458
2.39865
0.806202
0.143121
0.229563
0.358775
1.45698
0.7722
0.474428
0.453304
0.37256
0.383929
0.866367
0.227787
0.346923
0.268034
0.831122
0.013557
0.421301
0.0539213
0.491962
0.475021
0.658377
1.38484
0.0722905
0.0645822
0.0951607
0.648154
0.00483914
0.481089
0.619525
0.364827
0.472674
0.373704
0.754147
0.00569906
0.0361105
0.656125
0.801772
0.579366
0.213927
0.21029
0.14162
0.106118
0.636356
0.709553
0.473701
0.39378
0.772893
0.116711
0.527462
0.281934
0.898915
0.258364
0.23713
2.16664
0.37558
0.405643
0.628918
0.386294
0.111803
0.294129
0.0453696
0.868669
0.00218571
1.03268
0.905142
0.0384689
0.478043
0.520587
0.724036
2.56693
0.0105292
0.0187686
0.103413
0.677727
0.799138
0.831067
0.184825
0.455765
0.0208125
2.26198
0.0308911
1.05696
0.25133
0.289077
1.01276
1.48382
0.013732
0.453097
0.341005
0.129236
0.0369395
0.43899
0.0378149
0.0393019
0.318678
1.24562
0.0812304
0.0616545
0.426619
1.3258
0.0591896
0.452836
1.79357
0.17814
0.222057
0.743518
0.0704299
0.564468
0.248159
0.0946455
0.551177
0.301394
0.0353765
0.0479624
1.22725
1.44975
0.0251688
1.45037
0.397721
0.394019
0.100418
0.487638
0.0859032
0.147563
0.606308
0.503953
0.102321
0.997529
0.70904
0.732221
0.803849
1.05666
0.242256
0.747708
0.108269
0.702834
0.415538
0.198481
0.298573
2.11826
0.350606
0.0782478
0.291018
0.42772
0.135308
0.228622
0.375065
0.169048
0.193357
0.0561882
0.941921
0.353344
0.66427
0.012897
0.743884
0.304338
0.542105
1.95953
0.204508
0.288224
0.697351
0.0854525
0.201744
0.0873177
1.49028
0.378895
1.33166
0.368136
1.04927
0.247064
0.356218
0.251806
0.386972
1.96859
0.00161544
0.775194
0.216451
0.378623
0.0514892
0.571716
0.513393
1.5849
0.12005
0.252811
2.23607
0.00630552
1.02647
0.528716
2.73981
0.126509
0.063377
0.690863
0.241332
0.302297
1.2883
0.207958
0.00898699
0.979416
1.06095
1.1376
0.154398
0.258549
0.182921
0.852939
0.245599
0.185295
0.482412
0.696168
0.974525
0.640333
0.299818
0.360124
0.578953
0.557771
1.36005
0.564504
0.578421
0.834556
0.216204
0.57336
0.0294539
0.320221
0.298426
0.291273
1.52713
0.242301
0.794345
1.82219
0.150474
0.579157
1.03613
0.37798
0.0622958
0.109515
0.228476
0.355075
0.357308
0.00864375
0.165642
0.24215
0.67439
0.681566
1.26086
0.294215
0.285587
0.977806
0.0803639
0.0797698
0.570744
0.349735
0.917118
0.67632
0.00467885
0.183584
0.115824
1.65878
0.603987
0.0131851
1.40344
2.17649
0.625195
0.855148
0.3672
0.914922
0.0191706
1.19446
0.226997
0.398862
1.31337
0.532227
1.60834
0.563823
0.270996
1.07351
0.0801176
1.02992
0.69319
0.176798
0.0190617
0.297972
0.844838
1.06649
0.120449
0.873109
0.114308
0.275591
0.789448
1.28096
0.299372
0.673595
1.21338
0.104873
0.425701
0.292783
0.0250564
0.474008
0.226005
0.268031
0.104884
0.179785
0.0519666
0.0850449
0.00402461
0.367037
0.0287641
0.0848834
0.261325
0.831018
0.305404
0.294823
0.163436
0.172432
0.208877
0.343595
0.074009
0.40023
1.46006
1.46001
0.330659
0.259479
0.590053
0.261358
0.457971
0.170751
1.01629
0.526538
1.27845
0.143084
0.0498837
0.0660131
0.406334
0.107953
0.165109
0.415836
0.641808
0.206322
0.651984
0.0844651
0.0927604
0.117765
0.465949
0.300093
0.352386
1.84445
1.90036
0.523389
0.377823
1.30096
0.46104
0.0235876
0.208824
0.191121
0.302965
1.71625
0.475927
0.206879
0.488914
0.39494
0.450724
0.643805
0.562532
0.097942
1.37357
2.03711
0.69637
0.549037
0.196242
0.34359
0.893464
0.344325
0.628983
0.303189
1.91992
0.140808
0.284835
1.57997
1.21983
2.93229
1.09025
0.372943
0.0225295
0.139347
0.985043
0.346468
0.122294
0.335389
0.968979
0.965383
0.0341641
0.312504
0.447879
0.68428
0.523792
0.384175
0.657265
0.272235
0.129437
0.0429431
1.42113
0.0422209
0.437497
0.546359
0.38643
0.416781
1.32804
0.00285823
0.377089
0.940797
0.00184521
0.280972
0.246741
0.0244643
0.572364
0.155122
0.398582
1.23912
0.728807
0.272971
0.752778
0.912373
1.18816
0.246261
0.454728
0.418376
1.50374
0.215239
0.00965106
0.103582
0.284581
1.66179
0.156653
0.0248566
0.502666
0.861326
0.478757
0.425182
0.879043
0.0951445
0.286296
0.890854
0.469358
0.923625
1.07814
0.188011
0.0686519
0.296144
0.138319
1.18998
1.09353
0.0225664
0.701159
0.808429
0.284741
0.232107
0.244464
0.24928
0.659075
0.260701
0.439961
0.105855
0.236225
1.02324
0.137106
0.0209781
0.605363
1.02694
0.478141
0.392736
0.0322011
0.0425519
0.249363
0.561083
1.3536
0.172388
0.00883914
0.0376303
0.69328
0.150174
2.4215
0.522466
0.181387
0.688482
0.314226
0.693324
0.077524
1.02831
0.0912466
1.09495
0.174083
0.715455
0.0496429
0.569028
0.514831
0.204535
0.642162
0.227879
0.126603
0.223054
1.35561
0.169061
0.292971
0.204858
2.24502
0.244213
0.504496
0.00451034
0.30883
0.259523
0.156368
0.303227
0.0430013
0.432379
0.127842
0.401259
0.215126
0.232026
0.288196
0.36758
0.159995
0.68006
0.180362
0.231004
0.291245
1.77771
0.629794
0.105014
0.209846
1.62453
0.404012
0.168737
0.147166
0.0151921
0.49719
0.141387
0.269862
0.170759
0.147466
1.14561
0.60873
0.376261
0.228258
0.785451
0.0734237
0.456091
0.225547
0.336192
0.000929351
0.847484
0.0215573
0.161296
0.426381
0.212184
0.530377
0.0239653
